1 0.78515625 0.928125 0.1234375 0.14375
1 0.48671875 0.79453125 0.10703125 0.29296875
1 0.48515625 0.48203125 0.06875 0.1671875
1 0.46875 0.328125 0.0546875 0.103125
1 0.32734375 0.34375 0.05546875 0.115625
1 0.271875 0.23359375 0.04140625 0.078125
1 0.2265625 0.13203125 0.03359375 0.06640625
1 0.4171875 0.1796875 0.0375 0.059375
1 0.3890625 0.10234375 0.03046875 0.04765625
1 0.36015625 0.0421875 0.025 0.040625
3 0.31875 0.0390625 0.0375 0.078125
1 0.290625 0.5921875 0.0890625 0.1890625
1 0.21328125 0.44140625 0.08359375 0.1390625
1 0.05390625 0.8640625 0.1078125 0.27109375
1 0.3375 0.16171875 0.03046875 0.059375
1 0.4421875 0.25390625 0.05078125 0.08125