4 0.04921875 0.86875 0.0984375 0.2625
1 0.7875 0.8703125 0.1328125 0.259375
1 0.49765625 0.81484375 0.09296875 0.27109375
1 0.4875 0.5046875 0.06875 0.16953125
1 0.484375 0.3421875 0.05703125 0.1015625
1 0.32890625 0.19765625 0.03515625 0.06796875
1 0.2328125 0.14140625 0.03515625 0.06015625
1 0.3234375 0.09140625 0.028125 0.0453125
1 0.2875 0.08671875 0.02421875 0.04453125
1 0.32578125 0.0546875 0.02265625 0.03671875
1 0.31796875 0.01328125 0.0171875 0.0265625
1 0.2875 0.02734375 0.01640625 0.03046875
1 0.2859375 0.003125 0.01484375 0.00546875