1 0.7515625 0.82890625 0.14375 0.33828125
1 0.4484375 0.39765625 0.05859375 0.1359375
1 0.421875 0.27421875 0.05546875 0.1078125
1 0.29453125 0.178125 0.03984375 0.084375
1 0.1765625 0.08125 0.034375 0.065625
1 0.19765625 0.26328125 0.0578125 0.1
1 0.22421875 0.1328125 0.0359375 0.06875
1 0.35703125 0.078125 0.03359375 0.05390625
1 0.33984375 0.03984375 0.0328125 0.04765625
1 0.28125 0.02890625 0.0296875 0.04453125
1 0.271875 0.00859375 0.02421875 0.0171875
4 0.29453125 0.0890625 0.0375 0.0734375
4 0.39453125 0.140625 0.04140625 0.08203125
1 0.45859375 0.621875 0.09375 0.21953125
1 0.1828125 0.6484375 0.11328125 0.22421875
2 0.153125 0.46328125 0.04375 0.13203125
3 0.31953125 0.01484375 0.0296875 0.0296875