1 0.32265625 0.40703125 0.05859375 0.1125
1 0.265625 0.31640625 0.05 0.08203125
1 0.23359375 0.16015625 0.0328125 0.05859375
1 0.3328125 0.12578125 0.0296875 0.0453125
1 0.28671875 0.1078125 0.02734375 0.04296875
1 0.3453125 0.0234375 0.01640625 0.028125
1 0.2890625 0.0203125 0.01640625 0.0234375
1 0.31015625 0.00625 0.0140625 0.0125
1 0.33359375 0.00625 0.0140625 0.0125
4 0.2015625 0.49453125 0.09140625 0.18515625
4 0.496875 0.64765625 0.090625 0.2828125
4 0.0734375 0.81796875 0.146875 0.3640625
1 0.2125 0.8984375 0.14609375 0.20234375