1 0.32265625 0.4640625 0.0609375 0.1484375
1 0.484375 0.4046875 0.0609375 0.12109375
1 0.0390625 0.93515625 0.078125 0.1296875
1 0.190625 0.94296875 0.1296875 0.1140625
1 0.24609375 0.35546875 0.06640625 0.1078125
1 0.23828125 0.1375 0.0328125 0.06328125
1 0.4125 0.1640625 0.03671875 0.0515625
1 0.3890625 0.11953125 0.02890625 0.04921875
1 0.3859375 0.08828125 0.02578125 0.040625
1 0.37265625 0.06796875 0.0234375 0.04921875
4 0.35859375 0.02421875 0.02421875 0.040625
1 0.3265625 0.05 0.0234375 0.0375
1 0.32109375 0.015625 0.01796875 0.025
4 0.290625 0.00703125 0.02109375 0.0140625
3 0.290625 0.07265625 0.0375 0.06875
3 0.4859375 0.803125 0.153125 0.39375
0 0.34140625 0.1734375 0.0625 0.178125
1 0.43671875 0.23046875 0.0390625 0.06484375
4 0.1625 0.60546875 0.10625 0.21328125