1 0.49296875 0.62421875 0.08671875 0.20625
1 0.315625 0.4640625 0.06015625 0.13125
1 0.32265625 0.19765625 0.03671875 0.065625
1 0.41328125 0.225 0.03828125 0.065625
1 0.3703125 0.1140625 0.02734375 0.0421875
1 0.35390625 0.08359375 0.0203125 0.03671875
1 0.31015625 0.1203125 0.02421875 0.0453125
1 0.390625 0.16328125 0.03515625 0.053125
4 0.3078125 0.07109375 0.0203125 0.0421875
4 0.265625 0.1640625 0.04140625 0.08515625
3 0.45 0.34453125 0.06875 0.125
3 0.2515625 0.67109375 0.13125 0.28359375
1 0.265625 0.09296875 0.0265625 0.03671875
1 0.2125 0.16953125 0.0359375 0.065625
1 0.30234375 0.040625 0.0203125 0.03359375
1 0.2703125 0.02421875 0.015625 0.02890625
1 0.32265625 0.02109375 0.0171875 0.0296875
1 0.3171875 0.00390625 0.01640625 0.0078125
1 0.2921875 0.00390625 0.01640625 0.0078125