1 0.04453125 0.9171875 0.0890625 0.165625
1 0.34375 0.4375 0.06015625 0.140625
1 0.46328125 0.31171875 0.0515625 0.09375
1 0.34921875 0.29140625 0.0453125 0.08203125
1 0.34921875 0.23125 0.03828125 0.06796875
1 0.40625 0.1859375 0.02421875 0.05234375
1 0.390625 0.13359375 0.028125 0.0453125
1 0.3765625 0.09609375 0.021875 0.0375
1 0.240625 0.1578125 0.03203125 0.05625
1 0.47578125 0.44296875 0.0640625 0.14609375
1 0.33515625 0.13125 0.0296875 0.04921875
3 0.28984375 0.14296875 0.03828125 0.1078125
1 0.2890625 0.1 0.025 0.034375
1 0.33125 0.096875 0.02421875 0.03203125
1 0.33046875 0.071875 0.01953125 0.0265625
1 0.29140625 0.05390625 0.01875 0.034375
1 0.29140625 0.02734375 0.0140625 0.02265625
1 0.31328125 0.00703125 0.0140625 0.0140625
1 0.34296875 0.01171875 0.01328125 0.02265625
3 0.3234375 0.04296875 0.0265625 0.0671875
4 0.35390625 0.02890625 0.01875 0.03359375
4 0.43125 0.21328125 0.05 0.103125
4 0.34375 0.1765625 0.0328125 0.06328125
4 0.29296875 0.6421875 0.090625 0.225