1 0.06796875 0.778125 0.1359375 0.2625
1 0.26875 0.7671875 0.11328125 0.27109375
1 0.3296875 0.40625 0.0546875 0.115625
1 0.26796875 0.2484375 0.0421875 0.075
1 0.2234375 0.15390625 0.03125 0.059375
1 0.27578125 0.1265625 0.02734375 0.0515625
1 0.32734375 0.13828125 0.02734375 0.02890625
1 0.47734375 0.63359375 0.071875 0.2015625
1 0.27890625 0.0328125 0.0140625 0.02578125
1 0.3046875 0.01171875 0.01640625 0.021875
1 0.33203125 0.01796875 0.01640625 0.025
1 0.325 0.0046875 0.015625 0.009375
1 0.31015625 0.03671875 0.01953125 0.02890625
4 0.32265625 0.10703125 0.02578125 0.04921875
4 0.315625 0.08359375 0.02734375 0.04453125
4 0.27421875 0.07265625 0.02109375 0.0484375
4 0.328125 0.2078125 0.0453125 0.1078125
4 0.47734375 0.46796875 0.07265625 0.17890625
4 0.765625 0.83671875 0.134375 0.3265625
2 0.28125 0.1703125 0.01640625 0.053125
2 0.29453125 0.03046875 0.00625 0.03359375
1 0.24375 0.38046875 0.06640625 0.11015625
3 0.44921875 0.28046875 0.0765625 0.14921875
1 0.34921875 0.0484375 0.02109375 0.0328125
1 0.2796875 0.01015625 0.015625 0.0203125