1 0.51875 0.75625 0.10078125 0.27734375
1 0.29609375 0.62578125 0.09609375 0.21328125
1 0.05 0.83984375 0.1 0.3046875
1 0.1796875 0.95625 0.121875 0.0875
1 0.4703125 0.37578125 0.05390625 0.11328125
1 0.31796875 0.4453125 0.06640625 0.134375
1 0.265625 0.21875 0.0421875 0.07265625
1 0.3390625 0.23515625 0.04375 0.08828125
1 0.33828125 0.165625 0.03515625 0.059375
1 0.33203125 0.11328125 0.03125 0.05
1 0.22421875 0.1125 0.03203125 0.06015625
1 0.28046875 0.08046875 0.028125 0.04375
1 0.31875 0.0484375 0.02734375 0.0453125
1 0.2796875 0.01171875 0.0203125 0.0234375
1 0.3625 0.03046875 0.01796875 0.0359375
1 0.34609375 0.00546875 0.01953125 0.01015625
1 0.39921875 0.12109375 0.034375 0.05546875
1 0.31640625 0.01640625 0.021875 0.0203125
1 0.31484375 0.00390625 0.021875 0.00703125
4 0.41875 0.1921875 0.0421875 0.08125
4 0.38046875 0.0578125 0.034375 0.06875
4 0.32421875 0.309375 0.05078125 0.11328125
4 0.32578125 0.071875 0.025 0.04609375