1 0.5671875 0.784375 0.10703125 0.29453125
1 0.33125 0.64609375 0.1015625 0.2265625
1 0.06171875 0.85625 0.1234375 0.2875
1 0.20859375 0.97578125 0.13046875 0.0484375
1 0.51640625 0.38046875 0.05703125 0.1203125
1 0.3546875 0.45390625 0.07109375 0.14296875
1 0.2984375 0.2140625 0.04453125 0.07734375
1 0.3765625 0.23125 0.04609375 0.09375
1 0.37578125 0.15703125 0.0375 0.06328125
1 0.36875 0.1015625 0.03359375 0.053125
1 0.2546875 0.10078125 0.03359375 0.0640625
1 0.3140625 0.06640625 0.0296875 0.04609375
1 0.3546875 0.0328125 0.02890625 0.04765625
1 0.4 0.015625 0.01953125 0.03125
1 0.440625 0.11015625 0.03671875 0.059375
1 0.35234375 0.00390625 0.02265625 0.0078125
4 0.4609375 0.1859375 0.04453125 0.0859375
4 0.42109375 0.04296875 0.0359375 0.07265625
4 0.36015625 0.31015625 0.05390625 0.1203125
4 0.3625 0.05703125 0.0265625 0.04921875