1 0.49453125 0.7375 0.096875 0.27421875
1 0.065625 0.70859375 0.13125 0.25859375
1 0.4640625 0.39765625 0.06484375 0.15
1 0.31015625 0.3015625 0.05 0.1
1 0.16171875 0.95703125 0.128125 0.0859375
1 0.39140625 0.128125 0.03671875 0.0640625
1 0.2984375 0.0671875 0.02890625 0.046875
1 0.35 0.025 0.0265625 0.04296875
1 0.33515625 0.0109375 0.0234375 0.02109375
1 0.2890625 0.0109375 0.02109375 0.02109375
1 0.19453125 0.09453125 0.0375 0.0640625
1 0.36796875 0.06875 0.03671875 0.05
3 0.42734375 0.23046875 0.06640625 0.11328125
3 0.259375 0.5046875 0.1125 0.25
4 0.24765625 0.03359375 0.0390625 0.0671875