1 0.50625 0.53359375 0.07421875 0.1578125
1 0.3390625 0.49453125 0.0671875 0.1375
1 0.1109375 0.7328125 0.140625 0.25859375
1 0.265625 0.7453125 0.1046875 0.22109375
1 0.3421875 0.35234375 0.04765625 0.0984375
1 0.271875 0.2890625 0.0453125 0.0828125
1 0.4296875 0.23125 0.0390625 0.0625
1 0.34765625 0.22734375 0.0390625 0.06875
4 0.340625 0.27421875 0.0453125 0.0859375
4 0.36875 0.0578125 0.028125 0.0484375
1 0.28515625 0.17421875 0.03125 0.05
1 0.34296875 0.159375 0.03046875 0.05
1 0.396875 0.15703125 0.03515625 0.06171875
1 0.3359375 0.11796875 0.02734375 0.04296875
4 0.33046875 0.08515625 0.025 0.03671875
1 0.23984375 0.15703125 0.0296875 0.05625
1 0.3265625 0.0640625 0.02109375 0.0328125
1 0.32109375 0.0359375 0.0171875 0.0265625
1 0.3515625 0.03046875 0.01484375 0.021875
1 0.31875 0.01484375 0.01484375 0.021875
1 0.2921875 0.040625 0.0203125 0.0296875
1 0.46328125 0.31015625 0.05 0.09609375
1 0.29453125 0.01328125 0.0140625 0.01796875
1 0.33828125 0.00625 0.0125 0.0125
1 0.37890625 0.09609375 0.02578125 0.0390625