3 0.03828125 0.8453125 0.0765625 0.309375
1 0.15078125 0.571875 0.10859375 0.1921875
1 0.45703125 0.3484375 0.0546875 0.10703125
1 0.3140625 0.1359375 0.03046875 0.05625
1 0.20625 0.13515625 0.034375 0.06328125
1 0.30703125 0.06171875 0.025 0.03828125
1 0.2609375 0.0578125 0.02578125 0.034375
4 0.2609375 0.1625 0.03984375 0.08125
4 0.31328125 0.284375 0.05546875 0.121875
4 0.27890625 0.51171875 0.10703125 0.31015625
4 0.41015625 0.209375 0.04921875 0.1046875
3 0.3875 0.12109375 0.05234375 0.09453125
1 0.2265625 0.7875 0.11328125 0.26328125
2 0.271875 0.1 0.015625 0.04921875
4 0.48984375 0.6703125 0.09296875 0.26796875