1 0.2625 0.62578125 0.10546875 0.203125
1 0.34140625 0.29140625 0.05078125 0.096875
1 0.4625 0.24921875 0.0484375 0.09140625
1 0.34921875 0.16796875 0.03828125 0.06328125
1 0.42109375 0.146875 0.03984375 0.06328125
1 0.2375 0.15 0.034375 0.071875
1 0.29609375 0.078125 0.025 0.04375
1 0.29375 0.0375 0.01875 0.03515625
1 0.3375 0.0546875 0.0171875 0.03203125
1 0.3328125 0.02734375 0.02265625 0.028125
1 0.325 0.00625 0.01796875 0.0125
1 0.37421875 0.03671875 0.0234375 0.03671875
4 0.28984375 0.17734375 0.04609375 0.08671875