1 0.2296875 0.72421875 0.1296875 0.27890625
1 0.33203125 0.15078125 0.03671875 0.065625
1 0.48671875 0.67734375 0.09140625 0.25234375
1 0.91328125 0.52421875 0.13203125 0.18671875
1 0.48125 0.4015625 0.0671875 0.15546875
1 0.32578125 0.2859375 0.05 0.09609375
1 0.2203125 0.34375 0.0765625 0.14453125
1 0.21796875 0.09453125 0.03359375 0.065625
1 0.27734375 0.034375 0.02734375 0.04375
1 0.3234375 0.08203125 0.03203125 0.0546875
1 0.38671875 0.06953125 0.03125 0.0484375
1 0.35546875 0.00546875 0.021875 0.0109375
1 0.4515625 0.2453125 0.05625 0.0921875
1 0.25703125 0.215625 0.05078125 0.0796875
1 0.26875 0.128125 0.0375 0.06171875
1 0.3125 0.01171875 0.0203125 0.02265625