1 0.05703125 0.88515625 0.11328125 0.2296875
1 0.2765625 0.71640625 0.11015625 0.24609375
1 0.4765625 0.47890625 0.06171875 0.13984375
1 0.45546875 0.31171875 0.0484375 0.08359375
1 0.34765625 0.303125 0.04375 0.090625
1 0.2515625 0.36484375 0.0625 0.10625
1 0.42890625 0.22734375 0.03984375 0.065625
1 0.2390625 0.15859375 0.03046875 0.0578125
1 0.38515625 0.1171875 0.021875 0.04375
1 0.375 0.09609375 0.02265625 0.03984375
1 0.36796875 0.0734375 0.01875 0.0265625
1 0.3328125 0.090625 0.02265625 0.02265625
1 0.32421875 0.0625 0.01953125 0.03046875
1 0.29296875 0.05 0.01953125 0.02578125
1 0.29140625 0.02890625 0.015625 0.02265625
1 0.3171875 0.01796875 0.01484375 0.02109375
1 0.31640625 0.0046875 0.0140625 0.009375
1 0.29140625 0.009375 0.0125 0.01796875
4 0.31875 0.03515625 0.0171875 0.0296875
4 0.29140625 0.1421875 0.03125 0.0640625
4 0.2890625 0.08046875 0.02734375 0.0578125
4 0.39921875 0.14140625 0.02578125 0.05859375
4 0.41484375 0.16953125 0.03671875 0.06875
3 0.34296875 0.16015625 0.04609375 0.1203125
4 0.496875 0.90546875 0.115625 0.1890625