4 0.03359375 0.834375 0.0671875 0.33125
4 0.42734375 0.29140625 0.0609375 0.12734375
4 0.40234375 0.22265625 0.0484375 0.09921875
4 0.2328125 0.0953125 0.034375 0.06796875
1 0.93046875 0.54453125 0.13203125 0.171875
1 0.45078125 0.8234375 0.10390625 0.2796875
1 0.1953125 0.69375 0.12890625 0.28671875
1 0.45703125 0.571875 0.0765625 0.1828125
1 0.4421875 0.4296875 0.059375 0.13515625
1 0.215625 0.2875 0.0546875 0.10078125
1 0.2890625 0.23671875 0.04375 0.075
1 0.3703125 0.159375 0.03828125 0.06640625
1 0.2296875 0.17265625 0.03828125 0.06484375
1 0.3375 0.08984375 0.03359375 0.05390625
1 0.27890625 0.059375 0.02578125 0.0421875
1 0.32421875 0.0453125 0.0265625 0.0421875
1 0.2890625 0.125 0.0328125 0.06796875
1 0.27265625 0.01796875 0.02265625 0.03515625
1 0.17890625 0.12421875 0.040625 0.0640625