4 0.178125 0.878125 0.19453125 0.24296875
4 0.975 0.44453125 0.05 0.1734375
4 0.50390625 0.43359375 0.08125 0.1921875
4 0.346875 0.13046875 0.04296875 0.1109375
1 0.278125 0.2578125 0.05234375 0.09375
1 0.3546875 0.27421875 0.05078125 0.09609375
1 0.15859375 0.54140625 0.1109375 0.1921875
1 0.28828125 0.153125 0.03984375 0.07421875
1 0.2359375 0.10234375 0.03515625 0.065625
1 0.29296875 0.0328125 0.02265625 0.03671875
2 0.29765625 0.07890625 0.015625 0.05234375
4 0.33515625 0.03046875 0.025 0.0484375
4 0.328125 0.01484375 0.025 0.0296875
1 0.34296875 0.06484375 0.03515625 0.0359375
3 0.459375 0.20078125 0.0734375 0.1390625
1 0.32578125 0.5078125 0.078125 0.17734375
1 0.5015625 0.60390625 0.08046875 0.20625