4 0.1953125 0.4234375 0.09765625 0.20546875
4 0.29921875 0.4 0.06953125 0.146875
4 0.44375 0.28125 0.0546875 0.11328125
4 0.415625 0.21171875 0.04296875 0.084375
3 0.1640625 0.80234375 0.246875 0.3953125
1 0.834375 0.7546875 0.1515625 0.2734375
1 0.475 0.8375 0.103125 0.278125
1 0.4796875 0.59375 0.07578125 0.1859375
1 0.4671875 0.43984375 0.0609375 0.1328125
1 0.20703125 0.15390625 0.03359375 0.0640625
1 0.26328125 0.196875 0.03828125 0.0671875
1 0.3171875 0.1796875 0.0328125 0.059375
1 0.38671875 0.1609375 0.03359375 0.059375
1 0.36015625 0.09921875 0.03203125 0.05
1 0.35 0.06796875 0.02578125 0.0375
1 0.2671875 0.13125 0.02734375 0.0484375
1 0.30390625 0.06015625 0.021875 0.03359375
1 0.2984375 0.0265625 0.01953125 0.03203125
4 0.3109375 0.10625 0.028125 0.0546875
4 0.26484375 0.08203125 0.0296875 0.053125