1 0.7703125 0.86328125 0.1328125 0.27265625
1 0.21484375 0.92109375 0.125 0.1578125
1 0.22265625 0.45390625 0.07890625 0.14765625
1 0.34765625 0.38203125 0.05390625 0.11640625
1 0.45234375 0.2828125 0.046875 0.084375
1 0.35078125 0.2734375 0.03984375 0.078125
1 0.34921875 0.21484375 0.03359375 0.05859375
1 0.4 0.16640625 0.02109375 0.0515625
1 0.2390625 0.159375 0.03203125 0.059375
1 0.384375 0.1171875 0.0265625 0.03984375
1 0.37109375 0.08125 0.02109375 0.03671875
1 0.3296875 0.0921875 0.021875 0.0328125
1 0.33046875 0.06953125 0.0203125 0.02265625
3 0.29140625 0.09140625 0.0296875 0.0765625
3 0.3234375 0.0375 0.02578125 0.06484375
1 0.2921875 0.03125 0.01640625 0.02578125
4 0.31875 0.49921875 0.06953125 0.16171875
4 0.46953125 0.390625 0.05703125 0.1296875
4 0.42265625 0.19296875 0.04609375 0.09453125
4 0.3453125 0.01328125 0.015625 0.0265625