4 0.11796875 0.68515625 0.10546875 0.22109375
1 0.1890625 0.509375 0.09140625 0.1578125
1 0.5 0.86953125 0.09375 0.2609375
1 0.47109375 0.3671875 0.0515625 0.10078125
1 0.34609375 0.31328125 0.0453125 0.090625
0 0.1625 0.7421875 0.325 0.515625
3 0.2703125 0.284375 0.0765625 0.14609375
1 0.23984375 0.16015625 0.03359375 0.06171875
1 0.33671875 0.175 0.03359375 0.0625
1 0.4234375 0.221875 0.0421875 0.0671875
1 0.4 0.1546875 0.03671875 0.06328125
1 0.32890625 0.10625 0.02578125 0.04296875
1 0.37421875 0.08359375 0.02109375 0.028125
1 0.32578125 0.0453125 0.01796875 0.02578125
1 0.3203125 0.03203125 0.01484375 0.0234375
1 0.31640625 0.01015625 0.0171875 0.0203125
1 0.3796875 0.11640625 0.028125 0.03984375
4 0.28828125 0.14296875 0.0375 0.08671875
4 0.29296875 0.05859375 0.021875 0.04375
1 0.290625 0.01875 0.015625 0.02265625