4 0.028125 0.90859375 0.05625 0.1828125
4 0.34375 0.2046875 0.0328125 0.07421875
4 0.34921875 0.01875 0.0203125 0.0375
3 0.1984375 0.84921875 0.19140625 0.3015625
1 0.3046875 0.5875 0.08125 0.16484375
1 0.4828125 0.42734375 0.0546875 0.11328125
1 0.2390625 0.1578125 0.03046875 0.05625
1 0.33984375 0.1640625 0.0328125 0.0515625
1 0.41953125 0.1875 0.034375 0.0578125
1 0.3453125 0.28203125 0.04140625 0.078125
1 0.36953125 0.0875 0.02421875 0.04140625
1 0.36015625 0.04921875 0.021875 0.03203125
1 0.33046875 0.0890625 0.0234375 0.03515625
1 0.29140625 0.08046875 0.02265625 0.0359375
1 0.2890625 0.16328125 0.0328125 0.0578125
1 0.29140625 0.04453125 0.01796875 0.028125
1 0.32578125 0.05625 0.021875 0.03359375
4 0.3203125 0.02421875 0.0171875 0.03125
1 0.2421875 0.390625 0.06484375 0.11015625
1 0.3484375 0.3953125 0.05703125 0.10859375
1 0.44765625 0.26640625 0.046875 0.0703125
1 0.40078125 0.14765625 0.03125 0.04921875