1 0.51875 0.9484375 0.11015625 0.103125
1 0.4890625 0.50703125 0.0671875 0.14375
1 0.4671875 0.334375 0.05390625 0.0890625
1 0.334375 0.28984375 0.04296875 0.07421875
1 0.4421875 0.25546875 0.040625 0.06796875
1 0.41796875 0.196875 0.040625 0.06875
1 0.28671875 0.140625 0.03046875 0.05703125
1 0.2359375 0.15703125 0.03515625 0.06015625
1 0.31484375 0.04609375 0.01953125 0.02578125
1 0.36875 0.084375 0.025 0.0390625
1 0.3828125 0.1125 0.02265625 0.040625
1 0.28828125 0.0296875 0.01484375 0.028125
4 0.29140625 0.07265625 0.025 0.04140625
1 0.3515625 0.04375 0.02421875 0.040625
4 0.33359375 0.16953125 0.0359375 0.07109375
4 0.4 0.13203125 0.0328125 0.05546875
1 0.31484375 0.015625 0.01484375 0.02265625
1 0.3375 0.00546875 0.015625 0.0109375
2 0.3 0.0109375 0.009375 0.021875