1 0.51015625 0.90078125 0.1140625 0.1984375
1 0.47890625 0.41953125 0.05703125 0.1265625
1 0.23828125 0.38125 0.06875 0.128125
1 0.45546875 0.3015625 0.0484375 0.0828125
1 0.4234375 0.2140625 0.0421875 0.06953125
1 0.2296875 0.14375 0.03359375 0.0578125
1 0.31953125 0.1140625 0.02890625 0.04765625
1 0.27890625 0.078125 0.021875 0.03984375
1 0.2796875 0.04609375 0.01796875 0.03359375
1 0.3828125 0.10703125 0.02421875 0.04375
1 0.36796875 0.08359375 0.02421875 0.040625
1 0.34140625 0.01171875 0.0171875 0.0234375
1 0.31640625 0.0515625 0.02109375 0.03359375
1 0.30546875 0.0046875 0.0140625 0.009375
4 0.3140625 0.02109375 0.02109375 0.03515625
3 0.3515625 0.04921875 0.0265625 0.040625
4 0.40078125 0.13359375 0.034375 0.06015625
4 0.29765625 0.47421875 0.07421875 0.1734375
4 0.284375 0.17265625 0.03828125 0.075
2 0.2984375 0.0625 0.01015625 0.03984375