1 0.4671875 0.46796875 0.0640625 0.15
1 0.44765625 0.33359375 0.059375 0.11953125
1 0.3078125 0.20078125 0.04375 0.0875
1 0.30703125 0.1 0.03515625 0.05546875
1 0.196875 0.09296875 0.03828125 0.0671875
1 0.36796875 0.075 0.03671875 0.05703125
1 0.384375 0.11796875 0.03828125 0.05859375
1 0.34140625 0.00859375 0.02265625 0.01640625
1 0.2921875 0.01796875 0.0234375 0.0359375
3 0.34609375 0.03828125 0.03359375 0.053125
4 0.2515625 0.03125 0.03359375 0.06171875
4 0.43203125 0.19921875 0.0484375 0.09296875
4 0.29375 0.3953125 0.06875 0.17734375
1 0.48359375 0.7546875 0.09375 0.2734375
1 0.1765625 0.83828125 0.14921875 0.3234375
1 0.1140625 0.56953125 0.11328125 0.2125
1 0.82109375 0.8265625 0.1328125 0.29921875