1 0.5015625 0.70234375 0.096875 0.24453125
1 0.1421875 0.5578125 0.103125 0.18984375
1 0.31171875 0.39296875 0.0640625 0.14296875
1 0.48828125 0.46171875 0.065625 0.14375
1 0.46640625 0.325 0.059375 0.11640625
1 0.975 0.45234375 0.04921875 0.14140625
1 0.3265625 0.11796875 0.03671875 0.0578125
1 0.21484375 0.11015625 0.0359375 0.06015625
1 0.4015625 0.12109375 0.03359375 0.05859375
1 0.3859375 0.08046875 0.0328125 0.0578125
1 0.31953125 0.06328125 0.03125 0.05078125
1 0.30859375 0.009375 0.02109375 0.01875
1 0.23671875 0.2953125 0.06015625 0.10078125
1 0.35703125 0.01015625 0.02421875 0.0203125
4 0.2734375 0.01015625 0.028125 0.0203125
4 0.33671875 0.21640625 0.04921875 0.1078125
4 0.446875 0.1953125 0.0484375 0.096875
3 0.36328125 0.03984375 0.0328125 0.0515625