4 0.07734375 0.834375 0.15390625 0.30546875
4 0.28046875 0.215625 0.04921875 0.1125
4 0.28984375 0.125 0.03125 0.05546875
4 0.37109375 0.0765625 0.028125 0.04921875
1 0.29140625 0.6671875 0.096875 0.21328125
1 0.4046875 0.18515625 0.03515625 0.05390625
1 0.3390625 0.17890625 0.03515625 0.0578125
1 0.17890625 0.5484375 0.0953125 0.165625
1 0.52265625 0.7640625 0.09765625 0.26796875
1 0.4765625 0.38515625 0.0546875 0.1109375
1 0.33984375 0.29765625 0.04296875 0.0859375
1 0.4453125 0.253125 0.04921875 0.0796875
1 0.3875 0.1171875 0.025 0.040625
1 0.23984375 0.15703125 0.03359375 0.059375
1 0.290625 0.0671875 0.02109375 0.02890625
1 0.33046875 0.07109375 0.0203125 0.02890625
1 0.32265625 0.05 0.01796875 0.03125
1 0.3203125 0.02109375 0.01796875 0.028125
3 0.2515625 0.3515625 0.0921875 0.17265625