1 0.49453125 0.465625 0.06484375 0.13203125
1 0.471875 0.3453125 0.05234375 0.10625
1 0.3421875 0.20703125 0.03203125 0.05703125
1 0.28359375 0.20625 0.03515625 0.06484375
1 0.4046875 0.15 0.0296875 0.04609375
1 0.23984375 0.1578125 0.0296875 0.05625
1 0.37421875 0.07890625 0.0234375 0.03359375
1 0.3640625 0.06484375 0.01796875 0.03125
1 0.321875 0.04609375 0.01953125 0.028125
1 0.31875 0.01640625 0.01484375 0.02265625
1 0.31484375 0.0046875 0.0140625 0.00859375
1 0.3859375 0.10546875 0.02890625 0.0375
3 0.2890625 0.03828125 0.02265625 0.0484375
3 0.3375 0.32109375 0.0578125 0.11640625
3 0.43125 0.225 0.046875 0.0765625
4 0.51328125 0.7015625 0.08828125 0.2546875
1 0.290625 0.65703125 0.0953125 0.2078125
1 0.18046875 0.56484375 0.096875 0.17109375