1 0.1703125 0.50078125 0.08515625 0.13828125
1 0.48671875 0.50546875 0.0625 0.1421875
1 0.44140625 0.2859375 0.05078125 0.08828125
1 0.33203125 0.2234375 0.04140625 0.07890625
1 0.3953125 0.16953125 0.03515625 0.05546875
1 0.31875 0.1203125 0.028125 0.05234375
1 0.22265625 0.14375 0.03515625 0.06171875
1 0.3125 0.06796875 0.02421875 0.03828125
1 0.3796875 0.1125 0.03125 0.0546875
1 0.36484375 0.08515625 0.0265625 0.03515625
1 0.36015625 0.06015625 0.021875 0.03125
4 0.3515625 0.04140625 0.02578125 0.046875
4 0.2765625 0.01484375 0.01875 0.0296875
4 0.275 0.09140625 0.034375 0.07890625
1 0.309375 0.01953125 0.01640625 0.025
1 0.3046875 0.00625 0.015625 0.0125
3 0.26640625 0.221875 0.065625 0.12265625
4 0.11171875 0.7 0.11640625 0.25546875
0 0.25625 0.56875 0.18828125 0.53671875