1 0.0296875 0.95546875 0.05859375 0.08828125
1 0.5015625 0.67421875 0.08359375 0.2375
1 0.80625 0.81015625 0.1265625 0.30390625
1 0.23828125 0.1609375 0.03203125 0.05625
1 0.303125 0.171875 0.03203125 0.05859375
1 0.29140625 0.11015625 0.02578125 0.0421875
1 0.3734375 0.08046875 0.021875 0.0359375
1 0.3515625 0.03984375 0.01796875 0.028125
1 0.29140625 0.02734375 0.01484375 0.02578125
4 0.3203125 0.03984375 0.01875 0.0359375
4 0.4328125 0.221875 0.03828125 0.0734375
4 0.3390625 0.215625 0.0453125 0.1125
4 0.1703125 0.89140625 0.178125 0.2171875