4 0.2703125 0.63984375 0.1015625 0.23515625
1 0.48125 0.43671875 0.06171875 0.13125
1 0.328125 0.33671875 0.05234375 0.103125
1 0.26484375 0.3015625 0.0546875 0.09140625
1 0.23984375 0.15703125 0.03203125 0.06171875
1 0.3421875 0.1828125 0.03046875 0.059375
1 0.39453125 0.14453125 0.02890625 0.04921875
1 0.31953125 0.1203125 0.02421875 0.0421875
1 0.34296875 0.02421875 0.01640625 0.028125
0 0.2875 0.04296875 0.03125 0.0859375
1 0.315625 0.00625 0.01328125 0.0125
1 0.30234375 0.00390625 0.0109375 0.0078125