3 0.3328125 0.28046875 0.08125 0.2171875
1 0.49296875 0.61484375 0.08515625 0.2125
1 0.45625 0.3015625 0.05078125 0.08359375
1 0.4375 0.23671875 0.0390625 0.0640625
1 0.42109375 0.19296875 0.03359375 0.0609375
1 0.39921875 0.14765625 0.0296875 0.053125
1 0.33671875 0.15078125 0.02890625 0.046875
1 0.23984375 0.15625 0.0328125 0.0609375
1 0.36171875 0.05859375 0.01640625 0.03046875
1 0.34921875 0.03984375 0.0171875 0.03359375
1 0.31953125 0.0203125 0.0140625 0.025
4 0.315625 0.00703125 0.015625 0.01328125
4 0.37578125 0.078125 0.02421875 0.04609375
1 0.48125 0.41015625 0.0609375 0.11875