2 0.15 0.67890625 0.0484375 0.1453125
2 0.309375 0.35390625 0.02734375 0.08125
0 0.81015625 0.71328125 0.29453125 0.5734375
4 0.19765625 0.84765625 0.1890625 0.30390625
4 0.2640625 0.3296875 0.0546875 0.1140625
4 0.3515625 0.25703125 0.03984375 0.090625
4 0.34921875 0.196875 0.0375 0.0671875
4 0.49921875 0.478125 0.07109375 0.18359375
1 0.4953125 0.64375 0.07890625 0.20078125
1 0.28203125 0.22109375 0.0390625 0.06796875
1 0.24140625 0.1625 0.0328125 0.065625
1 0.2984375 0.1578125 0.034375 0.05625
1 0.403125 0.14453125 0.025 0.05078125
1 0.384375 0.10625 0.028125 0.03828125
1 0.34609375 0.15234375 0.03203125 0.02734375
1 0.34296875 0.1265625 0.03125 0.02734375
1 0.3359375 0.0921875 0.0265625 0.03515625
1 0.36953125 0.075 0.0234375 0.0328125
4 0.31328125 0.06171875 0.0203125 0.03671875
1 0.35390625 0.0375 0.01796875 0.0265625
1 0.3484375 0.009375 0.01875 0.01875
1 0.35390625 0.3859375 0.05 0.10234375
1 0.22265625 0.48671875 0.08125 0.153125
1 0.4375 0.2265625 0.040625 0.0625
3 0.48359375 0.33515625 0.0828125 0.16484375
1 0.03125 0.95546875 0.0625 0.0890625