1 0.5046875 0.90703125 0.12109375 0.18515625
1 0.309375 0.45078125 0.06796875 0.153125
1 0.4921875 0.56640625 0.06640625 0.1578125
1 0.471875 0.41171875 0.06015625 0.12265625
1 0.228125 0.1609375 0.03515625 0.06171875
1 0.3375 0.25234375 0.04296875 0.07421875
1 0.3265625 0.1328125 0.028125 0.04765625
1 0.39765625 0.1578125 0.0359375 0.0578125
1 0.3234375 0.08125 0.021875 0.03671875
1 0.31484375 0.05078125 0.01875 0.03203125
1 0.34375 0.02890625 0.01640625 0.0265625
1 0.3515625 0.04453125 0.0171875 0.0203125
1 0.36015625 0.0640625 0.02421875 0.028125
1 0.28359375 0.06640625 0.0203125 0.034375
1 0.415625 0.20078125 0.0359375 0.0578125
4 0.459375 0.28515625 0.04921875 0.09921875
4 0.27578125 0.18515625 0.04296875 0.08203125
4 0.3078125 0.01328125 0.0203125 0.02578125
3 0.37578125 0.11875 0.03515625 0.0546875
4 0.2140625 0.85546875 0.15625 0.28828125
1 0.36953125 0.084375 0.0203125 0.02734375