1 0.9171875 0.590625 0.11328125 0.19765625
1 0.25234375 0.8578125 0.1265625 0.284375
1 0.33125 0.4984375 0.06796875 0.13984375
1 0.38984375 0.1 0.025 0.0375
1 0.496875 0.42578125 0.06171875 0.12109375
1 0.46953125 0.3109375 0.0515625 0.0953125
1 0.29140625 0.1265625 0.0265625 0.05
1 0.24375 0.15625 0.0328125 0.0609375
1 0.34140625 0.13828125 0.028125 0.046875
1 0.321875 0.01953125 0.01484375 0.02734375
4 0.51875 0.59765625 0.07578125 0.20625
3 0.425 0.20078125 0.0484375 0.0734375
4 0.3484375 0.2453125 0.0453125 0.09296875
4 0.29296875 0.01953125 0.021875 0.03515625
1 0.18828125 0.5625 0.09921875 0.18203125
1 0.40234375 0.13125 0.02890625 0.04140625
1 0.378125 0.07265625 0.0203125 0.03203125
1 0.36796875 0.0609375 0.0171875 0.03203125
1 0.275 0.30546875 0.04609375 0.08046875