1 0.54296875 0.72890625 0.1015625 0.26171875
1 0.5171875 0.434375 0.065625 0.1359375
1 0.4953125 0.30390625 0.05390625 0.09453125
1 0.46640625 0.22109375 0.0421875 0.0734375
1 0.36015625 0.15703125 0.03359375 0.0609375
1 0.440625 0.159375 0.03984375 0.06328125
1 0.2453125 0.13203125 0.0375 0.0671875
1 0.3015625 0.05625 0.025 0.05
1 0.390625 0.0484375 0.02578125 0.04296875
1 0.4046875 0.07890625 0.0234375 0.04765625
4 0.30625 0.0140625 0.02109375 0.028125
4 0.34765625 0.0765625 0.03359375 0.0625
4 0.42421875 0.1 0.03359375 0.06328125
1 0.36953125 0.00859375 0.025 0.0171875