1 0.18046875 0.8921875 0.1484375 0.215625
1 0.4078125 0.190625 0.03828125 0.05546875
1 0.28359375 0.159375 0.03203125 0.05546875
1 0.23046875 0.15703125 0.03046875 0.0578125
1 0.37265625 0.09765625 0.02734375 0.04375
1 0.32265625 0.09140625 0.0234375 0.03984375
1 0.2828125 0.078125 0.02265625 0.0359375
1 0.51953125 0.74921875 0.08515625 0.23984375
1 0.3078125 0.4921875 0.07265625 0.1421875
1 0.3328125 0.2703125 0.0421875 0.078125
1 0.47265625 0.35625 0.05390625 0.11171875
3 0.3078125 0.00703125 0.01953125 0.0140625