1 0.053125 0.88671875 0.10625 0.2265625
1 0.1984375 0.89375 0.14375 0.2125
1 0.515625 0.89921875 0.12421875 0.2015625
1 0.32421875 0.44921875 0.06953125 0.12890625
1 0.46875 0.43203125 0.0609375 0.12109375
1 0.43671875 0.2453125 0.04296875 0.07421875
1 0.34375 0.15859375 0.02734375 0.04765625
1 0.28828125 0.16796875 0.03203125 0.04765625
1 0.23984375 0.1578125 0.034375 0.06015625
1 0.33359375 0.10078125 0.02421875 0.04140625
1 0.32421875 0.0515625 0.02109375 0.03125
1 0.290625 0.0171875 0.0140625 0.0203125
4 0.3984375 0.1515625 0.0375 0.07265625
4 0.2609375 0.303125 0.06640625 0.15
4 0.28359375 0.22109375 0.04140625 0.0828125
3 0.18671875 0.5078125 0.14921875 0.25390625