1 0.490625 0.4703125 0.06640625 0.134375
1 0.4671875 0.3484375 0.053125 0.10859375
1 0.33515625 0.20703125 0.0328125 0.05859375
1 0.27578125 0.20703125 0.0359375 0.065625
1 0.39921875 0.15 0.0296875 0.046875
1 0.23125 0.1578125 0.03046875 0.0578125
1 0.36796875 0.07734375 0.0234375 0.034375
1 0.3578125 0.0625 0.01796875 0.03125
1 0.31484375 0.04453125 0.01953125 0.02890625
1 0.31171875 0.0140625 0.015625 0.0234375
1 0.3078125 0.003125 0.0140625 0.00546875
1 0.3796875 0.1046875 0.0296875 0.03828125
3 0.28203125 0.0359375 0.02265625 0.04921875
3 0.33046875 0.3234375 0.05859375 0.11875
3 0.4265625 0.22578125 0.04765625 0.078125
4 0.509375 0.7109375 0.08984375 0.25859375
1 0.2828125 0.665625 0.096875 0.2109375
1 0.17109375 0.571875 0.0984375 0.17421875