1 0.47421875 0.44453125 0.065625 0.134375
0 0.26328125 0.1953125 0.06484375 0.18515625
1 0.22734375 0.1546875 0.03203125 0.06015625
1 0.39296875 0.1453125 0.0328125 0.0546875
1 0.3203125 0.0859375 0.02265625 0.0421875
1 0.28046875 0.06796875 0.0203125 0.0359375
1 0.27890625 0.0375 0.01640625 0.028125
1 0.31015625 0.0640625 0.01953125 0.0328125
1 0.35390625 0.05625 0.02265625 0.03671875
1 0.31171875 0.034375 0.01796875 0.02421875
1 0.3359375 0.0140625 0.01640625 0.02421875
1 0.30546875 0.01328125 0.015625 0.02265625
4 0.325 0.00390625 0.01328125 0.00703125