1 0.5125 0.74140625 0.08828125 0.2484375
1 0.11640625 0.7171875 0.1328125 0.23515625
1 0.48515625 0.4328125 0.05859375 0.13671875
1 0.3453125 0.34609375 0.0453125 0.090625
1 0.209375 0.9515625 0.115625 0.096875
1 0.41875 0.1890625 0.03359375 0.0578125
1 0.334375 0.1328125 0.0265625 0.0421875
1 0.38125 0.0953125 0.02421875 0.0390625
1 0.36796875 0.0734375 0.02109375 0.03671875
1 0.3265625 0.07578125 0.01953125 0.03359375
1 0.290625 0.05703125 0.02109375 0.03125
1 0.23984375 0.1578125 0.034375 0.0578125
1 0.31875 0.0171875 0.0140625 0.021875
1 0.32265625 0.03671875 0.01796875 0.03203125
1 0.3375 0.0109375 0.015625 0.01875
1 0.39765625 0.134375 0.03359375 0.0453125
3 0.4515625 0.28125 0.06015625 0.103125
3 0.2984375 0.53046875 0.103125 0.22734375
4 0.28828125 0.10234375 0.03515625 0.06484375