4 0.07421875 0.69375 0.1140625 0.2390625
1 0.15078125 0.50390625 0.09921875 0.1703125
1 0.48671875 0.87578125 0.1015625 0.24765625
1 0.45546875 0.35078125 0.05625 0.109375
1 0.3203125 0.2921875 0.04921875 0.0984375
0 0.14921875 0.73828125 0.2984375 0.5234375
3 0.2390625 0.2609375 0.0828125 0.15859375
1 0.20546875 0.1265625 0.0359375 0.06640625
1 0.31015625 0.14296875 0.0359375 0.0671875
1 0.40390625 0.19296875 0.0453125 0.07265625
1 0.37890625 0.12109375 0.0390625 0.06875
1 0.3015625 0.06875 0.02734375 0.04609375
1 0.35078125 0.04375 0.02265625 0.03046875
1 0.2984375 0.00859375 0.01953125 0.01640625
1 0.35625 0.07890625 0.03046875 0.04375
4 0.2578125 0.1078125 0.040625 0.09375
4 0.2625 0.01953125 0.0234375 0.0390625