1 0.90078125 0.58046875 0.1109375 0.19296875
1 0.25 0.8515625 0.12421875 0.296875
1 0.3265625 0.48984375 0.06640625 0.13671875
1 0.384375 0.1 0.02421875 0.03671875
1 0.4890625 0.41953125 0.06015625 0.11875
1 0.46171875 0.30703125 0.05078125 0.09375
1 0.28828125 0.1265625 0.0265625 0.04921875
1 0.24140625 0.15625 0.03203125 0.059375
1 0.33671875 0.1375 0.02734375 0.0453125
1 0.31796875 0.021875 0.01484375 0.0265625
4 0.5109375 0.5875 0.07421875 0.20234375
3 0.41875 0.19921875 0.04765625 0.071875
4 0.34375 0.2421875 0.04453125 0.090625
4 0.2890625 0.021875 0.02109375 0.034375
1 0.1875 0.55234375 0.09765625 0.178125
1 0.39609375 0.13125 0.028125 0.040625
1 0.37265625 0.07421875 0.01953125 0.03125
1 0.3625 0.0625 0.0171875 0.03125
1 0.271875 0.3015625 0.04453125 0.07890625