1 0.03828125 0.9296875 0.0765625 0.140625
1 0.3453125 0.44140625 0.0640625 0.1484375
1 0.47265625 0.30859375 0.0546875 0.0984375
1 0.3515625 0.28671875 0.04765625 0.08671875
1 0.3515625 0.2234375 0.040625 0.071875
1 0.41171875 0.17578125 0.025 0.05546875
1 0.39609375 0.1203125 0.0296875 0.04765625
1 0.38125 0.08046875 0.0234375 0.03984375
1 0.2375 0.14609375 0.03359375 0.059375
1 0.48515625 0.446875 0.06796875 0.15390625
1 0.33671875 0.11796875 0.03125 0.0515625
3 0.2890625 0.13046875 0.03984375 0.1140625
1 0.28828125 0.084375 0.0265625 0.03671875
1 0.3328125 0.08203125 0.025 0.034375
1 0.33203125 0.05546875 0.02109375 0.028125
1 0.290625 0.0359375 0.0203125 0.03671875
1 0.290625 0.009375 0.015625 0.01875
3 0.32421875 0.0296875 0.02890625 0.05859375
4 0.35703125 0.01328125 0.01953125 0.0265625
4 0.43828125 0.20390625 0.05234375 0.10859375
4 0.34609375 0.165625 0.03515625 0.0671875
4 0.2921875 0.6578125 0.0953125 0.2375