1 0.03203125 0.89921875 0.06328125 0.20078125
1 0.240625 0.74140625 0.11953125 0.26796875
1 0.4578125 0.48359375 0.0671875 0.15234375
1 0.434375 0.3015625 0.05234375 0.090625
1 0.31796875 0.2921875 0.04765625 0.09921875
1 0.21328125 0.359375 0.06796875 0.115625
1 0.40625 0.209375 0.04296875 0.07109375
1 0.2 0.134375 0.0328125 0.0625
1 0.35859375 0.0890625 0.02421875 0.046875
1 0.34765625 0.0671875 0.02421875 0.04375
1 0.33984375 0.04140625 0.0203125 0.02890625
1 0.3015625 0.0609375 0.025 0.02421875
1 0.29296875 0.0296875 0.02109375 0.0328125
1 0.25859375 0.0171875 0.02109375 0.028125
1 0.25703125 0.003125 0.0171875 0.00625
4 0.2859375 0.0078125 0.01796875 0.01484375
4 0.25703125 0.1171875 0.03359375 0.0703125
4 0.25390625 0.04921875 0.0296875 0.0625
4 0.37421875 0.11640625 0.028125 0.06328125
4 0.39140625 0.14609375 0.03984375 0.075
3 0.3125 0.1359375 0.05 0.13046875
4 0.4796875 0.921875 0.12578125 0.15546875