1 0.54765625 0.9609375 0.09765625 0.078125
1 0.15859375 0.93125 0.1390625 0.1375
1 0.05234375 0.88828125 0.1046875 0.2234375
1 0.49609375 0.57734375 0.075 0.178125
1 0.45859375 0.29921875 0.05078125 0.0984375
1 0.2390625 0.15859375 0.03359375 0.059375
1 0.39453125 0.1375 0.03046875 0.04609375
1 0.29140625 0.0296875 0.01484375 0.021875
4 0.31953125 0.0171875 0.0203125 0.02890625
4 0.30703125 0.05390625 0.02109375 0.0390625
3 0.33125 0.06171875 0.03125 0.0796875
1 0.2953125 0.0125 0.01328125 0.01796875