2 0.0328125 0.92890625 0.0625 0.14140625
2 0.2515625 0.565625 0.0390625 0.11875
1 0.1625 0.6265625 0.1140625 0.2046875
1 0.43515625 0.23671875 0.04140625 0.06171875
0 0.76953125 0.83203125 0.18828125 0.3359375
1 0.4859375 0.61875 0.07890625 0.1890625
1 0.2703125 0.278125 0.040625 0.07734375
1 0.23984375 0.159375 0.03203125 0.0578125
1 0.2921875 0.19921875 0.03515625 0.0671875
1 0.40390625 0.16484375 0.0296875 0.04921875
1 0.33984375 0.13984375 0.02890625 0.0390625
1 0.38671875 0.12265625 0.0265625 0.040625
1 0.37109375 0.09375 0.021875 0.03671875
1 0.33359375 0.11015625 0.025 0.04453125
4 0.29921875 0.1 0.0234375 0.05078125
4 0.34765625 0.21953125 0.03828125 0.078125
4 0.34375 0.29765625 0.04375 0.1
1 0.33125 0.49140625 0.0640625 0.1453125
1 0.94375 0.47421875 0.11171875 0.13984375
4 0.4859375 0.46171875 0.075 0.16796875
3 0.47109375 0.32421875 0.08046875 0.1578125
1 0.3515625 0.0515625 0.01796875 0.03046875
1 0.34765625 0.0171875 0.0171875 0.02421875
1 0.33671875 0.00625 0.015625 0.0125
0 0.3140625 0.0125 0.0203125 0.025