1 0.51015625 0.59375 0.07265625 0.16484375
1 0.2921875 0.76640625 0.1140625 0.25859375
1 0.328125 0.5328125 0.071875 0.15703125
1 0.209375 0.49453125 0.0859375 0.15078125
1 0.3546875 0.31328125 0.0515625 0.103125
1 0.43046875 0.18984375 0.0390625 0.065625
1 0.35546875 0.21640625 0.0390625 0.071875
1 0.28671875 0.21953125 0.0421875 0.0640625
1 0.234375 0.15 0.03515625 0.0640625
1 0.35 0.16328125 0.03828125 0.05625
1 0.38671875 0.08671875 0.02109375 0.03984375
1 0.29296875 0.08125 0.02734375 0.04453125
1 0.3328125 0.05859375 0.0234375 0.0234375
1 0.33125 0.03828125 0.02109375 0.0203125
1 0.3703125 0.046875 0.02265625 0.0375
1 0.35703125 0.0140625 0.01875 0.02734375
3 0.31875 0.0078125 0.02265625 0.015625
4 0.2921875 0.00859375 0.01953125 0.0171875
4 0.334375 0.090625 0.028125 0.04609375
4 0.34140625 0.11875 0.03046875 0.05546875
4 0.40625 0.11484375 0.03828125 0.078125
4 0.3359375 0.40546875 0.05859375 0.13515625
4 0.45078125 0.26796875 0.05078125 0.09609375