3 0.48671875 0.584375 0.1265625 0.31640625
3 0.29140625 0.06328125 0.0296875 0.05625
0 0.33984375 0.15078125 0.0546875 0.14609375
1 0.06953125 0.86953125 0.13828125 0.2609375
1 0.28984375 0.61875 0.096875 0.184375
1 0.26796875 0.29921875 0.04609375 0.0875
1 0.3375 0.3390625 0.04609375 0.09921875
1 0.46640625 0.346875 0.05390625 0.09140625
4 0.19453125 0.52890625 0.0890625 0.17890625
1 0.2375 0.1578125 0.0359375 0.059375
1 0.42265625 0.21640625 0.03359375 0.0625
1 0.40390625 0.17421875 0.0296875 0.04453125
1 0.38515625 0.1375 0.028125 0.04453125
1 0.3828125 0.10546875 0.0234375 0.03046875
4 0.37109375 0.08984375 0.02734375 0.04609375
4 0.35234375 0.0359375 0.025 0.0421875
1 0.32265625 0.059375 0.01796875 0.0328125
1 0.31953125 0.028125 0.0171875 0.02578125
1 0.3125 0.00625 0.0140625 0.0125