1 0.27734375 0.61015625 0.096875 0.19765625
1 0.48671875 0.52734375 0.071875 0.16796875
1 0.46953125 0.38125 0.05859375 0.11015625
1 0.4453125 0.2703125 0.04765625 0.08046875
1 0.421875 0.20703125 0.03671875 0.059375
1 0.4 0.15859375 0.0359375 0.05625
1 0.3234375 0.09375 0.025 0.04453125
1 0.22265625 0.1390625 0.03046875 0.06171875
1 0.3671875 0.0796875 0.025 0.04140625
1 0.275 0.0328125 0.02109375 0.0359375
1 0.33125 0.01015625 0.02109375 0.0203125
4 0.278125 0.00703125 0.01953125 0.0140625
4 0.31328125 0.04765625 0.025 0.0453125
4 0.38515625 0.103125 0.03046875 0.05703125
1 0.35234375 0.0515625 0.02265625 0.03984375