1 0.53125 0.6953125 0.09609375 0.22265625
1 0.2953125 0.534375 0.078125 0.15546875
1 0.48984375 0.37421875 0.065625 0.11484375
1 0.4640625 0.271875 0.046875 0.08046875
1 0.43359375 0.19453125 0.04375 0.0734375
1 0.28046875 0.215625 0.04375 0.0796875
1 0.22734375 0.13828125 0.0375 0.06484375
1 0.31953125 0.05390625 0.02265625 0.04375
1 0.2828125 0.02734375 0.021875 0.0359375
1 0.28046875 0.00859375 0.01953125 0.0171875
1 0.3921875 0.09453125 0.028125 0.05
1 0.3765625 0.065625 0.0265625 0.05
1 0.3171875 0.01015625 0.01796875 0.0203125
4 0.33671875 0.2640625 0.04765625 0.1046875
4 0.409375 0.11640625 0.03359375 0.06484375
4 0.28828125 0.0921875 0.0296875 0.0609375
2 0.30078125 0.0125 0.01015625 0.025
1 0.3578125 0.025 0.0296875 0.0453125