1 0.4859375 0.62890625 0.0765625 0.19375
1 0.3140625 0.54921875 0.08046875 0.16875
1 0.2125 0.4875 0.0890625 0.14375
1 0.2640625 0.30625 0.0546875 0.096875
2 0.28671875 0.21640625 0.015625 0.06015625
1 0.2828125 0.1625 0.03359375 0.06015625
1 0.23203125 0.15 0.03359375 0.0640625
1 0.33984375 0.1640625 0.03125 0.0484375
1 0.325 0.06484375 0.021875 0.01953125
1 0.2875 0.0546875 0.01875 0.03515625
1 0.28828125 0.02109375 0.0171875 0.034375
1 0.34921875 0.034375 0.01796875 0.0265625
1 0.31796875 0.02265625 0.0171875 0.025
1 0.3421875 0.0125 0.01796875 0.02421875
1 0.33203125 0.003125 0.0171875 0.00546875
1 0.37265625 0.0734375 0.02734375 0.0390625
4 0.4875 0.4671875 0.075 0.184375
4 0.3390625 0.24296875 0.05078125 0.13515625
4 0.334375 0.1234375 0.0265625 0.05390625
4 0.32890625 0.0984375 0.028125 0.05
4 0.28125 0.09921875 0.0296875 0.0546875
1 0.321875 0.04609375 0.02421875 0.034375
2 0.30546875 0.053125 0.009375 0.0328125
3 0.46796875 0.30703125 0.08046875 0.1640625
1 0.01484375 0.95546875 0.0296875 0.0890625