1 0.04765625 0.88984375 0.0953125 0.2203125
1 0.17109375 0.51640625 0.103125 0.18046875
1 0.478125 0.61328125 0.0765625 0.2
1 0.3359375 0.2140625 0.03671875 0.071875
1 0.2203125 0.13046875 0.03359375 0.06328125
1 0.27109375 0.09765625 0.02734375 0.0453125
1 0.28046875 0.05390625 0.02421875 0.0421875
1 0.25859375 0.25625 0.04609375 0.08203125
1 0.3921875 0.128125 0.0328125 0.053125
4 0.30625 0.39609375 0.0796875 0.22109375
4 0.26640625 0.16328125 0.0375 0.07421875
4 0.32734375 0.15625 0.03359375 0.06484375
4 0.32578125 0.11484375 0.03203125 0.053125
2 0.3 0.12890625 0.0140625 0.053125
2 0.2390625 0.3390625 0.02421875 0.0890625
0 0.95234375 0.38515625 0.0953125 0.2140625
1 0.32109375 0.08046875 0.02734375 0.02265625
1 0.31796875 0.05859375 0.02421875 0.028125
1 0.3109375 0.0265625 0.02109375 0.0359375
1 0.3609375 0.059375 0.0265625 0.03046875
1 0.34765625 0.02890625 0.0234375 0.028125
1 0.3375 0.009375 0.01875 0.01875
4 0.48046875 0.44765625 0.0734375 0.184375
3 0.4640625 0.30625 0.08359375 0.1734375