4 0.1234375 0.915625 0.15625 0.16875
4 0.28125 0.49140625 0.08203125 0.19609375
4 0.46015625 0.4609375 0.078125 0.19609375
4 0.215625 0.30390625 0.0609375 0.1125
1 0.4109375 0.23671875 0.04375 0.07421875
1 0.4578125 0.63359375 0.084375 0.20859375
1 0.8765625 0.55390625 0.13046875 0.18984375
1 0.31015625 0.2890625 0.05078125 0.09453125
1 0.31171875 0.209375 0.04375 0.0796875
1 0.30078125 0.1453125 0.03046875 0.05390625
1 0.29375 0.09609375 0.028125 0.05234375
1 0.190625 0.128125 0.03359375 0.065625
1 0.38359375 0.17578125 0.0359375 0.06015625
1 0.3671875 0.1390625 0.03203125 0.04921875
1 0.3515625 0.10546875 0.028125 0.0484375
1 0.3328125 0.03828125 0.025 0.0484375
1 0.24765625 0.00703125 0.021875 0.01328125
1 0.3140625 0.01171875 0.02109375 0.02265625
0 0.2828125 0.03125 0.040625 0.06171875
3 0.44296875 0.3109375 0.0859375 0.171875
1 0.11171875 0.60546875 0.109375 0.1828125
1 0.19453125 0.42265625 0.0765625 0.14453125