1 0.48359375 0.44921875 0.06796875 0.13828125
1 0.459375 0.32265625 0.05546875 0.11171875
1 0.3234375 0.17734375 0.03359375 0.06015625
1 0.2625 0.17734375 0.0375 0.06796875
1 0.3890625 0.11796875 0.03125 0.0484375
1 0.21640625 0.1265625 0.03125 0.059375
1 0.35703125 0.04375 0.02421875 0.03515625
1 0.346875 0.028125 0.01875 0.0328125
1 0.30234375 0.01171875 0.0203125 0.0234375
1 0.36953125 0.07109375 0.03046875 0.0390625
3 0.26796875 0.01328125 0.02265625 0.0265625
3 0.31875 0.29765625 0.06015625 0.12265625
3 0.4171875 0.196875 0.04921875 0.08046875
4 0.503125 0.696875 0.09296875 0.2671875
1 0.26953125 0.65 0.1 0.21796875
1 0.15390625 0.55390625 0.1015625 0.1796875