1 0.78828125 0.9296875 0.13125 0.140625
1 0.47265625 0.79296875 0.11328125 0.31015625
1 0.47109375 0.4625 0.07265625 0.1765625
1 0.45390625 0.3 0.0578125 0.109375
1 0.30390625 0.315625 0.05859375 0.121875
1 0.2453125 0.19921875 0.04453125 0.0828125
1 0.19765625 0.0921875 0.03515625 0.0703125
1 0.39921875 0.1421875 0.03984375 0.06328125
1 0.36953125 0.0609375 0.03203125 0.05078125
1 0.33828125 0.00859375 0.02578125 0.0171875
3 0.29609375 0.01796875 0.03984375 0.03515625
1 0.26484375 0.57890625 0.09453125 0.2
1 0.18359375 0.41953125 0.08828125 0.146875
1 0.0359375 0.86171875 0.071875 0.2765625
1 0.31484375 0.12265625 0.03203125 0.0625
1 0.42578125 0.22109375 0.05390625 0.0859375