1 0.31640625 0.46875 0.06328125 0.153125
1 0.484375 0.4078125 0.0625 0.125
1 0.03203125 0.94453125 0.0640625 0.1109375
1 0.1796875 0.9515625 0.134375 0.096875
1 0.2375 0.35703125 0.06875 0.1109375
1 0.2296875 0.13125 0.03359375 0.065625
1 0.409375 0.159375 0.0375 0.05390625
1 0.38515625 0.11328125 0.03046875 0.05078125
1 0.3828125 0.08046875 0.0265625 0.04140625
1 0.36875 0.06015625 0.02421875 0.05078125
4 0.353125 0.01796875 0.025 0.03515625
1 0.32109375 0.04140625 0.02421875 0.0390625
1 0.3140625 0.00859375 0.01875 0.0171875
3 0.28359375 0.06484375 0.03828125 0.07109375
3 0.48515625 0.8078125 0.1578125 0.384375
0 0.3359375 0.16875 0.06484375 0.18359375
1 0.43515625 0.22734375 0.040625 0.0671875
4 0.1515625 0.61484375 0.11015625 0.21953125