1 0.06875 0.86953125 0.1375 0.2609375
1 0.28046875 0.6734375 0.10390625 0.2296875
1 0.49140625 0.521875 0.07109375 0.1703125
1 0.4765625 0.35390625 0.0546875 0.1
1 0.23515625 0.42890625 0.071875 0.12578125
1 0.45078125 0.28203125 0.04609375 0.0765625
1 0.43203125 0.21875 0.0390625 0.0625
1 0.409375 0.1640625 0.03125 0.053125
1 0.38125 0.09765625 0.02578125 0.040625
1 0.240625 0.16171875 0.0296875 0.059375
1 0.3234375 0.05703125 0.01875 0.0265625
1 0.3484375 0.02578125 0.01328125 0.0265625
1 0.3390625 0.01171875 0.01484375 0.0234375
4 0.35859375 0.0390625 0.0171875 0.0359375
1 0.4890625 0.940625 0.10390625 0.11875
1 0.34765625 0.2984375 0.04375 0.07890625
3 0.33828125 0.11328125 0.04375 0.10625