1 0.5015625 0.57109375 0.07421875 0.1765625
1 0.171875 0.61640625 0.11171875 0.215625
1 0.4625 0.31875 0.046875 0.09453125
1 0.340625 0.32890625 0.04921875 0.1
1 0.42421875 0.20859375 0.0359375 0.059375
1 0.34296875 0.203125 0.034375 0.0609375
1 0.38125 0.103125 0.02734375 0.046875
1 0.29375 0.13046875 0.028125 0.05078125
1 0.23828125 0.159375 0.03359375 0.0578125
1 0.29375 0.08203125 0.02265625 0.0359375
1 0.3546875 0.03984375 0.01796875 0.0328125
1 0.33828125 0.01015625 0.0171875 0.0203125
1 0.2921875 0.015625 0.01640625 0.02734375
3 0.3296875 0.08046875 0.02890625 0.07421875