1 0.2796875 0.603125 0.0921875 0.18203125
1 0.3234375 0.35625 0.05234375 0.1125
1 0.4421875 0.28515625 0.0484375 0.0875
1 0.4140625 0.196875 0.04140625 0.065625
1 0.215625 0.13828125 0.03515625 0.06484375
1 0.2703125 0.0203125 0.01875 0.03125
1 0.3015625 0.02265625 0.01953125 0.0296875
1 0.33984375 0.03203125 0.01640625 0.03203125
1 0.35 0.04609375 0.0203125 0.0296875
1 0.359375 0.06640625 0.028125 0.0359375
1 0.3671875 0.08984375 0.02578125 0.0359375
1 0.27109375 0.090625 0.02578125 0.04140625
1 0.2640625 0.153125 0.03359375 0.0578125
1 0.3265625 0.23125 0.03828125 0.06640625
1 0.11328125 0.684375 0.125 0.2171875
4 0.47890625 0.41328125 0.059375 0.1484375
3 0.38125 0.1359375 0.0421875 0.0609375
4 0.31328125 0.10078125 0.0328125 0.06171875