1 0.26484375 0.74921875 0.11953125 0.26875
1 0.30390625 0.3953125 0.05390625 0.11328125
4 0.48046875 0.39765625 0.05859375 0.13671875
1 0.28984375 0.1859375 0.034375 0.06953125
1 0.40546875 0.15859375 0.03359375 0.059375
1 0.240625 0.15625 0.03046875 0.0578125
1 0.31953125 0.03125 0.01953125 0.025
1 0.31640625 0.009375 0.0171875 0.01875
4 0.29375 0.046875 0.0203125 0.0375
4 0.3296875 0.07734375 0.02734375 0.0515625
4 0.34375 0.21796875 0.04921875 0.12734375
4 0.37421875 0.07734375 0.0265625 0.046875
3 0.35390625 0.028125 0.02734375 0.04453125
3 0.12734375 0.678125 0.25390625 0.63671875