4 0.1765625 0.834375 0.21328125 0.33046875
4 0.13828125 0.621875 0.12734375 0.24921875
4 0.29609375 0.50859375 0.09609375 0.2078125
4 0.46484375 0.3515625 0.06328125 0.1390625
4 0.33125 0.12109375 0.0375 0.09140625
1 0.28359375 0.1859375 0.03203125 0.059375
1 0.48203125 0.50078125 0.0609375 0.15390625
4 0.50390625 0.846875 0.11328125 0.30625
1 0.3359375 0.32578125 0.04921875 0.09921875
1 0.3421875 0.2359375 0.040625 0.07578125
1 0.2828125 0.11640625 0.02890625 0.04765625
1 0.2328125 0.146875 0.0328125 0.059375
1 0.3265625 0.06875 0.02109375 0.0296875
1 0.28671875 0.02421875 0.01796875 0.02578125
1 0.24609375 0.33359375 0.05546875 0.10625
1 0.31796875 0.040625 0.01875 0.034375
1 0.31328125 0.01640625 0.01640625 0.02421875
2 0.28828125 0.05625 0.009375 0.03203125
2 0.203125 0.6265625 0.0515625 0.11015625
3 0.4328125 0.2078125 0.06328125 0.1234375