4 0.1015625 0.75625 0.13671875 0.27265625
4 0.284375 0.16640625 0.0453125 0.10546875
4 0.28984375 0.071875 0.02578125 0.0484375
4 0.36875 0.046875 0.02578125 0.04765625
0 0.109375 0.9296875 0.21875 0.140625
1 0.1828125 0.5203125 0.103125 0.1671875
1 0.3328125 0.4328125 0.0671875 0.12734375
1 0.503125 0.48828125 0.065625 0.1453125
1 0.453125 0.2734375 0.05234375 0.0859375
1 0.42265625 0.1796875 0.04140625 0.071875
1 0.340625 0.21328125 0.040625 0.07265625
1 0.23828125 0.1421875 0.03046875 0.0625
1 0.32890625 0.0375 0.01796875 0.02734375
1 0.321875 0.0203125 0.015625 0.02734375
1 0.290625 0.0234375 0.0171875 0.0265625
1 0.31796875 0.0046875 0.01875 0.00859375
1 0.38125 0.0796875 0.02578125 0.040625
1 0.334375 0.12109375 0.02890625 0.04921875
1 0.39296875 0.128125 0.03125 0.04765625
3 0.259375 0.3078125 0.08515625 0.15859375