4 0.51171875 0.9328125 0.10546875 0.13359375
1 0.23125 0.8703125 0.14140625 0.25859375
1 0.39140625 0.11875 0.02890625 0.04140625
1 0.47734375 0.37734375 0.0546875 0.11875
1 0.25390625 0.35234375 0.05546875 0.10234375
1 0.34609375 0.275 0.0421875 0.07109375
1 0.32734375 0.084375 0.021875 0.0375
1 0.36484375 0.0703125 0.01875 0.03203125
1 0.3765625 0.084375 0.0203125 0.03515625
1 0.32109375 0.040625 0.0171875 0.025
1 0.31953125 0.015625 0.0125 0.02421875
1 0.240625 0.15859375 0.03203125 0.0609375
4 0.2890625 0.06953125 0.02578125 0.053125
3 0.43984375 0.26015625 0.05625 0.0890625
3 0.32421875 0.41328125 0.07265625 0.1546875
1 0.4125 0.1671875 0.03203125 0.05390625
1 0.29140625 0.034375 0.01484375 0.0203125