1 0.29453125 0.396875 0.0640625 0.1203125
1 0.31015625 0.25625 0.03984375 0.08203125
1 0.39375 0.13515625 0.03515625 0.0578125
1 0.321875 0.14296875 0.0328125 0.05546875
1 0.21796875 0.14609375 0.034375 0.0609375
4 0.27109375 0.09765625 0.03671875 0.06171875
1 0.36171875 0.07421875 0.02421875 0.046875
1 0.315625 0.075 0.02578125 0.040625
1 0.2734375 0.03984375 0.021875 0.0296875
1 0.328125 0.00703125 0.015625 0.0140625
1 0.3046875 0.01796875 0.0125 0.02421875
1 0.303125 0.00703125 0.0171875 0.01328125
1 0.2734375 0.0109375 0.01796875 0.021875