1 0.5296875 0.78515625 0.1078125 0.29765625
1 0.2125 0.86875 0.134375 0.2625
1 0.3125 0.53359375 0.08046875 0.17265625
1 0.178125 0.47578125 0.08984375 0.16171875
1 0.478125 0.36015625 0.05859375 0.12109375
1 0.32421875 0.365625 0.05546875 0.1171875
1 0.246875 0.23671875 0.0484375 0.078125
1 0.43984375 0.23984375 0.04609375 0.07734375
1 0.33046875 0.1359375 0.0359375 0.06015625
1 0.2125 0.11015625 0.034375 0.0609375
1 0.32109375 0.0859375 0.028125 0.0453125
1 0.37578125 0.06484375 0.0296875 0.04765625
1 0.26953125 0.02734375 0.0234375 0.0359375
1 0.30625 0.0046875 0.021875 0.009375
1 0.33203125 0.20625 0.04296875 0.08671875
4 0.321875 0.2609375 0.0484375 0.103125
4 0.39765625 0.13359375 0.0390625 0.0734375
4 0.3625 0.0234375 0.03046875 0.04609375
4 0.315625 0.04765625 0.02734375 0.0484375
4 0.31015625 0.0234375 0.0265625 0.04609375