1 0.1921875 0.95546875 0.140625 0.0890625
1 0.3125 0.575 0.0828125 0.17734375
1 0.478125 0.37578125 0.05859375 0.1015625
1 0.446875 0.2625 0.04921875 0.0859375
1 0.23046875 0.1625 0.03359375 0.0609375
1 0.32578125 0.0859375 0.0234375 0.03984375
1 0.390625 0.12421875 0.028125 0.0453125
1 0.3578125 0.05703125 0.015625 0.034375
1 0.36953125 0.071875 0.021875 0.03203125
1 0.3796875 0.09609375 0.02734375 0.0359375
1 0.284375 0.18828125 0.034375 0.0625
1 0.2640625 0.303125 0.0515625 0.08984375
1 0.3390625 0.378125 0.04921875 0.09765625
1 0.28359375 0.078125 0.02265625 0.03828125
4 0.33671875 0.18203125 0.040625 0.078125
3 0.4078125 0.1796875 0.0421875 0.07421875
1 0.309375 0.00390625 0.0140625 0.00703125
4 0.50859375 0.534375 0.0734375 0.18203125