1 0.52265625 0.9109375 0.1140625 0.17734375
1 0.22109375 0.13984375 0.03359375 0.06171875
1 0.3265625 0.18359375 0.0359375 0.06484375
1 0.32890625 0.12890625 0.03046875 0.05546875
1 0.31875 0.07109375 0.0265625 0.04140625
1 0.35390625 0.04453125 0.025 0.0359375
1 0.4109375 0.16484375 0.03671875 0.06171875
1 0.4671875 0.3 0.0453125 0.084375
1 0.3171875 0.3140625 0.04921875 0.09453125
1 0.25625 0.2640625 0.040625 0.0734375
1 0.28671875 0.0171875 0.0203125 0.02734375
1 0.33671875 0.0046875 0.01875 0.00859375