3 0.09453125 0.65625 0.1890625 0.38515625
1 0.25078125 0.6890625 0.1203125 0.259375
1 0.47109375 0.70234375 0.08515625 0.24453125
1 0.4546875 0.309375 0.0546875 0.1125
1 0.32890625 0.1828125 0.03359375 0.06484375
1 0.26328125 0.159375 0.03203125 0.05078125
1 0.31796875 0.09140625 0.02890625 0.0546875
1 0.30390625 0.015625 0.0203125 0.03125
1 0.21171875 0.11796875 0.03125 0.06171875
4 0.21953125 0.325 0.08671875 0.1921875
4 0.25546875 0.221875 0.04765625 0.1015625
4 0.40390625 0.1640625 0.05078125 0.1015625