1 0.77265625 0.92421875 0.11796875 0.1515625
1 0.48828125 0.7875 0.10234375 0.27890625
1 0.48671875 0.48984375 0.065625 0.159375
1 0.47109375 0.34375 0.0515625 0.0984375
1 0.3359375 0.3578125 0.05234375 0.11015625
1 0.28359375 0.253125 0.03984375 0.07421875
1 0.240625 0.15625 0.03203125 0.06328125
1 0.421875 0.2015625 0.03515625 0.05703125
1 0.39453125 0.128125 0.02890625 0.0453125
1 0.36796875 0.0703125 0.02421875 0.0390625
1 0.33984375 0.01015625 0.01015625 0.01953125
4 0.34921875 0.02109375 0.01640625 0.03125
3 0.3296875 0.065625 0.0359375 0.08125
1 0.3015625 0.59453125 0.08515625 0.1796875
1 0.22734375 0.45078125 0.0796875 0.1328125
1 0.0640625 0.8625 0.128125 0.275
1 0.34609375 0.184375 0.02890625 0.05625
1 0.44609375 0.27265625 0.0484375 0.07734375