4 0.06953125 0.8328125 0.1390625 0.334375
4 0.29921875 0.62265625 0.11328125 0.25078125
4 0.375 0.33125 0.065625 0.14609375
4 0.53828125 0.42109375 0.08046875 0.19921875
4 0.29921875 0.2265625 0.0515625 0.10546875
1 0.9234375 0.6296875 0.13046875 0.25078125
1 0.53671875 0.596875 0.08671875 0.20625
1 0.38671875 0.19609375 0.0484375 0.08828125
1 0.2640625 0.08671875 0.0328125 0.065625
1 0.3828125 0.128125 0.040625 0.06484375
1 0.4609375 0.13046875 0.0375 0.05625
1 0.44296875 0.08828125 0.03359375 0.05078125
1 0.42578125 0.05859375 0.0328125 0.0515625
1 0.3734375 0.0796875 0.03203125 0.0515625
1 0.371875 0.025 0.03125 0.04453125
1 0.48515625 0.1953125 0.04375 0.07890625
3 0.52109375 0.271875 0.08984375 0.178125