4 0.109375 0.81484375 0.14453125 0.2875
4 0.3015625 0.19296875 0.04765625 0.11171875
4 0.3078125 0.0921875 0.02734375 0.05078125
4 0.390625 0.06640625 0.0265625 0.05078125
0 0.1171875 0.96171875 0.23359375 0.07578125
1 0.1953125 0.565625 0.10859375 0.1765625
1 0.353125 0.4734375 0.0703125 0.134375
1 0.5328125 0.53125 0.06875 0.153125
1 0.4796875 0.30546875 0.05546875 0.090625
1 0.44765625 0.20625 0.04375 0.07578125
1 0.3609375 0.24140625 0.0421875 0.0765625
1 0.253125 0.16640625 0.03203125 0.06640625
1 0.3484375 0.05625 0.01953125 0.02890625
1 0.3421875 0.0375 0.01640625 0.02890625
1 0.30859375 0.04140625 0.01796875 0.028125
1 0.3375 0.01328125 0.01953125 0.02578125
1 0.40390625 0.10078125 0.02734375 0.04296875
1 0.3546875 0.14453125 0.03046875 0.0515625
1 0.41640625 0.1515625 0.0328125 0.05
3 0.27578125 0.34140625 0.08984375 0.1671875