3 0.90546875 0.496875 0.15234375 0.2640625
1 0.4828125 0.54453125 0.071875 0.17421875
1 0.2328125 0.42578125 0.06484375 0.1140625
1 0.27578125 0.29921875 0.04296875 0.078125
1 0.46015625 0.30546875 0.0484375 0.09375
1 0.23984375 0.15625 0.03203125 0.0578125
1 0.29140625 0.14375 0.03203125 0.05703125
1 0.29296875 0.1015625 0.025 0.03828125
1 0.2921875 0.06796875 0.02109375 0.034375
1 0.33125 0.084375 0.021875 0.03359375
1 0.325 0.0484375 0.01875 0.0328125
1 0.365625 0.0640625 0.02109375 0.0328125
1 0.2921875 0.02578125 0.01484375 0.01796875
1 0.3453125 0.01484375 0.01484375 0.01953125
1 0.3171875 0.0171875 0.015625 0.02265625
1 0.38515625 0.1171875 0.02734375 0.04609375
1 0.3390625 0.2109375 0.03828125 0.06328125
1 0.3359375 0.13515625 0.02734375 0.04609375
1 0.4078125 0.1765625 0.03671875 0.059375
1 0.33515625 0.33828125 0.0453125 0.090625
1 0.25 0.7265625 0.11015625 0.234375