1 0.265625 0.67265625 0.1078125 0.225
4 0.271875 0.30703125 0.059375 0.1265625
1 0.49609375 0.4046875 0.06015625 0.134375
1 0.3453125 0.34609375 0.053125 0.10703125
1 0.45859375 0.2375 0.04609375 0.0828125
1 0.3 0.14140625 0.03203125 0.05390625
1 0.24609375 0.14921875 0.03359375 0.06171875
1 0.34765625 0.121875 0.02109375 0.04375
1 0.39765625 0.0953125 0.0234375 0.040625
1 0.2984375 0.08125 0.02265625 0.034375
1 0.34296875 0.078125 0.02265625 0.0359375
1 0.33203125 0.02890625 0.01875 0.02890625
1 0.365625 0.021875 0.0171875 0.02734375