1 0.0453125 0.91953125 0.08984375 0.16015625
1 0.490625 0.921875 0.096875 0.15625
1 0.2453125 0.86953125 0.140625 0.2609375
1 0.31953125 0.5375 0.0703125 0.15
1 0.2453125 0.40078125 0.06953125 0.11015625
1 0.35 0.33828125 0.0484375 0.1046875
1 0.35 0.23046875 0.03828125 0.06640625
1 0.4296875 0.221875 0.04140625 0.06640625
1 0.3859375 0.12109375 0.021875 0.0421875
1 0.290625 0.1515625 0.03046875 0.05390625
1 0.2390625 0.1578125 0.03203125 0.0578125
1 0.34609375 0.18125 0.03359375 0.0515625
1 0.37109375 0.0796875 0.02109375 0.03515625
1 0.3578125 0.04921875 0.0203125 0.03203125
1 0.32890625 0.07734375 0.02109375 0.01875
1 0.328125 0.0609375 0.01953125 0.0171875
3 0.2921875 0.03515625 0.01953125 0.04453125
3 0.3203125 0.0265625 0.02421875 0.053125
4 0.44921875 0.3046875 0.05 0.1015625
4 0.328125 0.4125 0.05625 0.12734375
4 0.4046875 0.146875 0.03828125 0.07890625