2 0.02265625 0.93515625 0.0453125 0.1296875
2 0.24375 0.56328125 0.040625 0.12421875
1 0.15 0.6265625 0.1203125 0.21484375
1 0.4359375 0.21796875 0.04296875 0.06484375
0 0.78671875 0.8328125 0.19765625 0.33359375
1 0.48984375 0.61875 0.0828125 0.1984375
1 0.26328125 0.26171875 0.0421875 0.08046875
1 0.23125 0.13671875 0.03359375 0.0609375
1 0.2859375 0.178125 0.0375 0.0703125
1 0.403125 0.1421875 0.03125 0.0515625
1 0.3359375 0.115625 0.03046875 0.04140625
1 0.38515625 0.09765625 0.02734375 0.0421875
1 0.36875 0.06796875 0.0234375 0.03828125
1 0.3296875 0.08515625 0.02578125 0.04609375
4 0.29375 0.07421875 0.02421875 0.053125
4 0.34375 0.2 0.040625 0.08203125
4 0.33984375 0.28125 0.04609375 0.1046875
1 0.3265625 0.4859375 0.0671875 0.15234375
1 0.95546875 0.465625 0.0890625 0.146875
4 0.4890625 0.45390625 0.07890625 0.1765625
3 0.47421875 0.309375 0.084375 0.165625
1 0.34765625 0.0234375 0.01875 0.03203125