4 0.0765625 0.81484375 0.15234375 0.33203125
4 0.26640625 0.6640625 0.12265625 0.28046875
4 0.47890625 0.40703125 0.06640625 0.153125
4 0.33984375 0.1578125 0.03984375 0.09375
4 0.328125 0.071875 0.02109375 0.04296875
4 0.3234375 0.0453125 0.0171875 0.03046875
1 0.22265625 0.42890625 0.0734375 0.12109375
1 0.3359375 0.4 0.05625 0.1203125
1 0.3484375 0.26796875 0.040625 0.07578125
1 0.2875 0.24375 0.0375 0.06796875
1 0.240625 0.15859375 0.03359375 0.06171875
1 0.28828125 0.16484375 0.0328125 0.059375
2 0.2953125 0.1 0.01015625 0.04140625
1 0.29296875 0.06171875 0.01953125 0.03515625
1 0.3359375 0.1015625 0.02734375 0.03125
1 0.34453125 0.01484375 0.0171875 0.02265625
4 0.28984375 0.028125 0.0203125 0.0265625
1 0.32265625 0.0265625 0.01875 0.02265625
1 0.31640625 0.01171875 0.01640625 0.02109375
1 0.48515625 0.5859375 0.07265625 0.17890625
3 0.4390625 0.23046875 0.06640625 0.12265625