1 0.21328125 0.93359375 0.13828125 0.13203125
1 0.52265625 0.7140625 0.10625 0.275
1 0.34609375 0.3609375 0.05546875 0.1203125
1 0.4578125 0.21484375 0.05078125 0.07890625
1 0.43515625 0.14921875 0.04140625 0.06796875
1 0.39609375 0.0546875 0.025 0.03203125
1 0.3765625 0.0125 0.02265625 0.025
1 0.36796875 0.00703125 0.01640625 0.01328125
1 0.296875 0.015625 0.021875 0.03125
1 0.29296875 0.0578125 0.02734375 0.04375
1 0.35078125 0.12421875 0.0328125 0.05234375
1 0.3875 0.0328125 0.02734375 0.03203125
1 0.35859375 0.203125 0.04140625 0.0796875
1 0.2421875 0.11328125 0.03515625 0.0578125
1 0.26953125 0.290625 0.053125 0.09140625
4 0.3359375 0.03125 0.0296875 0.05546875
3 0.4046875 0.0921875 0.040625 0.0609375
4 0.49921875 0.31796875 0.0578125 0.11875