4 0.32890625 0.3328125 0.06171875 0.16171875
4 0.459375 0.3203125 0.04765625 0.09921875
4 0.3265625 0.0796875 0.021875 0.04765625
1 0.49765625 0.85703125 0.109375 0.2859375
1 0.31484375 0.2609375 0.0328125 0.07734375
1 0.23828125 0.1625 0.0328125 0.05546875
1 0.29140625 0.16796875 0.03203125 0.05703125
1 0.39453125 0.128125 0.02890625 0.04453125
1 0.28984375 0.06640625 0.01875 0.03203125
1 0.36171875 0.0703125 0.021875 0.03515625
1 0.315625 0.0078125 0.01328125 0.0140625
1 0.33515625 0.00546875 0.01171875 0.0109375
1 0.29140625 0.01484375 0.0140625 0.0171875