1 0.21328125 0.9328125 0.1296875 0.13359375
1 0.50390625 0.72109375 0.09921875 0.2578125
1 0.3375 0.390625 0.0515625 0.1125
1 0.4421875 0.25390625 0.04765625 0.07421875
1 0.42109375 0.19296875 0.0390625 0.06328125
1 0.384375 0.10390625 0.0234375 0.03046875
1 0.36640625 0.06484375 0.021875 0.025
1 0.359375 0.05390625 0.015625 0.025
1 0.29140625 0.06640625 0.0203125 0.03125
1 0.31875 0.02109375 0.0171875 0.025
1 0.29375 0.02109375 0.01640625 0.0265625
1 0.2875 0.10703125 0.02578125 0.04140625
1 0.3421875 0.16875 0.03046875 0.04921875
1 0.3765625 0.08359375 0.02578125 0.03046875
1 0.35 0.24296875 0.0390625 0.075
1 0.23984375 0.159375 0.0328125 0.05390625
1 0.26640625 0.32421875 0.05 0.0859375
4 0.328125 0.08203125 0.028125 0.0515625
3 0.3921875 0.1390625 0.03828125 0.05703125
4 0.48125 0.35 0.05390625 0.1109375