1 0.52265625 0.7859375 0.09140625 0.25625
1 0.2828125 0.7015625 0.10390625 0.21875
1 0.346875 0.465625 0.06640625 0.13515625
1 0.50234375 0.41328125 0.06640625 0.13125
1 0.2421875 0.39375 0.06875 0.1296875
1 0.34765625 0.3296875 0.04921875 0.09453125
1 0.46015625 0.24453125 0.0453125 0.0796875
1 0.43046875 0.18359375 0.0375 0.05625
1 0.284375 0.16953125 0.03515625 0.059375
1 0.2359375 0.13984375 0.03359375 0.0625
1 0.28984375 0.09453125 0.0265625 0.0421875
1 0.34375 0.11796875 0.02890625 0.04765625
1 0.33515625 0.07890625 0.02578125 0.04296875
1 0.3796875 0.05546875 0.02421875 0.03984375
1 0.35 0.196875 0.0375 0.07109375
4 0.39609375 0.11015625 0.03203125 0.05703125
4 0.34375 0.24609375 0.04375 0.090625
4 0.3671875 0.0203125 0.02578125 0.040625
4 0.33203125 0.04453125 0.02109375 0.0359375
4 0.32734375 0.0171875 0.021875 0.034375
3 0.16953125 0.946875 0.1765625 0.10625