1 0.5203125 0.896875 0.10625 0.20546875
1 0.23984375 0.1578125 0.03125 0.05703125
1 0.3375 0.1984375 0.03359375 0.06015625
1 0.33984375 0.14765625 0.028125 0.0515625
1 0.33046875 0.09375 0.025 0.03828125
1 0.36328125 0.06953125 0.0234375 0.03359375
1 0.41640625 0.18125 0.034375 0.05703125
1 0.46875 0.30703125 0.0421875 0.078125
1 0.32890625 0.31953125 0.0453125 0.08828125
1 0.271875 0.2734375 0.03828125 0.06875
1 0.3 0.04375 0.01875 0.02578125
1 0.346875 0.0234375 0.0171875 0.028125
1 0.3171875 0.0140625 0.015625 0.02109375
1 0.29140625 0.0203125 0.0140625 0.02109375