3 0.91484375 0.48828125 0.15859375 0.2734375
1 0.4765625 0.5375 0.07421875 0.18046875
1 0.2171875 0.4140625 0.06796875 0.11875
1 0.26171875 0.2828125 0.04453125 0.08125
1 0.45234375 0.28984375 0.05 0.09765625
1 0.22421875 0.13515625 0.03359375 0.059375
1 0.278125 0.121875 0.03359375 0.05859375
1 0.2796875 0.078125 0.02578125 0.03984375
1 0.27890625 0.04296875 0.021875 0.0359375
1 0.31953125 0.059375 0.02265625 0.03515625
1 0.3125 0.02265625 0.01953125 0.034375
1 0.3546875 0.0390625 0.021875 0.034375
1 0.27890625 0.00390625 0.01484375 0.00703125
1 0.37578125 0.09453125 0.02890625 0.04765625
1 0.32734375 0.19140625 0.03984375 0.065625
1 0.32421875 0.1125 0.02890625 0.04765625
1 0.3984375 0.15546875 0.03828125 0.06171875
1 0.3234375 0.3234375 0.04765625 0.09375
1 0.234375 0.7265625 0.1140625 0.24296875