1 0.046875 0.9171875 0.09296875 0.165625
1 0.19921875 0.97109375 0.128125 0.0578125
1 0.5078125 0.60078125 0.07578125 0.18359375
1 0.47421875 0.35 0.05390625 0.11171875
1 0.32421875 0.4234375 0.06171875 0.13515625
1 0.3390625 0.24453125 0.040625 0.07890625
1 0.4234375 0.2421875 0.0421875 0.06953125
3 0.22734375 0.39453125 0.109375 0.19609375
4 0.26953125 0.246875 0.05546875 0.12578125
4 0.28203125 0.1609375 0.034375 0.0671875
4 0.375 0.090625 0.03046875 0.06015625
1 0.23125 0.15625 0.03359375 0.05703125
1 0.39609375 0.1453125 0.03046875 0.05390625
1 0.28515625 0.1015625 0.02421875 0.04140625
1 0.33046875 0.0890625 0.0234375 0.03671875
1 0.32109375 0.0578125 0.01875 0.03125
1 0.31640625 0.028125 0.01953125 0.03046875