3 0.08515625 0.78203125 0.1703125 0.4359375
3 0.38828125 0.10390625 0.04609375 0.07578125
4 0.31640625 0.453125 0.084375 0.2546875
4 0.3421875 0.209375 0.0453125 0.090625
4 0.29296875 0.125 0.028125 0.0609375
4 0.41328125 0.17578125 0.0390625 0.07578125
1 0.4578125 0.29609375 0.04609375 0.08984375
4 0.5 0.59375 0.0796875 0.2171875
1 0.24765625 0.41640625 0.0703125 0.13515625
1 0.23984375 0.15703125 0.03515625 0.059375
1 0.33203125 0.1046875 0.0265625 0.04296875
1 0.3265625 0.05390625 0.0203125 0.034375
1 0.29140625 0.05078125 0.0203125 0.03125
2 0.29765625 0.0828125 0.009375 0.03125
1 0.26953125 0.69921875 0.09921875 0.21953125
1 0.31640625 0.00703125 0.015625 0.0140625