1 0.496875 0.73125 0.08671875 0.22421875
1 0.2125 0.8359375 0.134375 0.32421875
1 0.4765625 0.44453125 0.0671875 0.14375
1 0.3265625 0.390625 0.0609375 0.11640625
1 0.22109375 0.14921875 0.034375 0.06796875
1 0.32890625 0.178125 0.0296875 0.05859375
1 0.42109375 0.20546875 0.04296875 0.059375
1 0.4015625 0.15390625 0.03515625 0.05859375
1 0.325 0.10234375 0.028125 0.04765625
1 0.3171875 0.06328125 0.021875 0.0390625
1 0.37109375 0.07734375 0.0234375 0.025
1 0.34296875 0.01875 0.01640625 0.02578125
1 0.353125 0.03515625 0.01875 0.025
1 0.36328125 0.0578125 0.02421875 0.0265625
3 0.37578125 0.11171875 0.03515625 0.05546875
4 0.3078125 0.01484375 0.02109375 0.0296875
3 0.2375 0.34375 0.07578125 0.14140625
4 0.46328125 0.28984375 0.05234375 0.10859375
1 0.27578125 0.10078125 0.028125 0.0421875
1 0.2734375 0.01484375 0.01953125 0.02890625