1 0.3125 0.559375 0.07421875 0.159375
1 0.46796875 0.334375 0.0453125 0.0890625
1 0.278125 0.25625 0.03984375 0.07265625
1 0.3453125 0.2375 0.03671875 0.06875
1 0.33828125 0.13125 0.02734375 0.0453125
1 0.39375 0.1203125 0.02890625 0.04609375
1 0.4109375 0.15859375 0.03359375 0.0515625
1 0.2921875 0.103125 0.02421875 0.04375
1 0.290625 0.03984375 0.01640625 0.03046875
1 0.3625 0.0609375 0.0234375 0.0421875
1 0.325 0.0515625 0.01953125 0.03515625
1 0.3234375 0.021875 0.0171875 0.0234375
1 0.3546875 0.02734375 0.0203125 0.028125
1 0.29140625 0.0140625 0.01640625 0.02421875
4 0.34375 0.0078125 0.01796875 0.015625
3 0.50390625 0.7078125 0.1 0.28828125
3 0.21953125 0.8203125 0.1734375 0.35859375
4 0.15390625 0.5734375 0.12890625 0.2625
1 0.23828125 0.1515625 0.0296875 0.05859375
1 0.35078125 0.34609375 0.05078125 0.09140625
1 0.434375 0.221875 0.0421875 0.0640625
1 0.315625 0.00390625 0.015625 0.0078125