1 0.48125 0.8625 0.1 0.275
1 0.48359375 0.5953125 0.07265625 0.1703125
1 0.465625 0.41953125 0.05390625 0.11484375
1 0.37890625 0.1546875 0.03046875 0.05390625
1 0.3578125 0.10703125 0.0296875 0.04453125
1 0.35078125 0.08125 0.02421875 0.03203125
1 0.31171875 0.146875 0.02890625 0.04921875
1 0.26640625 0.15234375 0.03359375 0.05
1 0.20546875 0.171875 0.03515625 0.06484375
1 0.2671875 0.10625 0.0234375 0.03984375
1 0.3 0.0546875 0.021875 0.02890625
1 0.30546875 0.08984375 0.0265625 0.04609375
1 0.2984375 0.0265625 0.021875 0.028125
4 0.2640625 0.06640625 0.025 0.0421875
4 0.31953125 0.27734375 0.04921875 0.10078125
4 0.246875 0.2640625 0.05625 0.12734375
4 0.40546875 0.19921875 0.0375 0.07421875
4 0.4328125 0.25859375 0.0515625 0.09921875
4 0.1453125 0.63515625 0.12890625 0.265625
3 0.28359375 0.53046875 0.121875 0.34765625