1 0.28515625 0.609375 0.0984375 0.2015625
1 0.4984375 0.52421875 0.0734375 0.1703125
1 0.48125 0.3765625 0.06015625 0.11171875
1 0.45625 0.26328125 0.0484375 0.08203125
1 0.43203125 0.19921875 0.0375 0.06015625
1 0.41015625 0.15 0.0359375 0.05703125
1 0.33203125 0.08359375 0.02578125 0.0453125
1 0.2296875 0.13046875 0.03125 0.0625
1 0.3765625 0.06953125 0.025 0.0421875
1 0.2828125 0.021875 0.02109375 0.0359375
1 0.33984375 0.0046875 0.02109375 0.00859375
4 0.32109375 0.03671875 0.025 0.04609375
4 0.39453125 0.09296875 0.03046875 0.0578125
1 0.36171875 0.040625 0.02265625 0.040625