4 0.2484375 0.3421875 0.0703125 0.146875
4 0.34609375 0.14140625 0.02734375 0.05625
3 0.4890625 0.47734375 0.0734375 0.16640625
3 0.23984375 0.76953125 0.15546875 0.3484375
1 0.31875 0.5265625 0.06796875 0.1390625
1 0.353125 0.29375 0.0453125 0.0734375
1 0.45078125 0.275 0.04140625 0.07265625
1 0.42265625 0.19765625 0.0375 0.059375
1 0.34375 0.196875 0.03359375 0.059375
1 0.40234375 0.1421875 0.028125 0.05
1 0.2859375 0.17890625 0.03203125 0.05546875
1 0.23984375 0.15703125 0.03046875 0.0578125
1 0.334375 0.10546875 0.02421875 0.04453125
1 0.38359375 0.10859375 0.025 0.0375
1 0.29296875 0.07265625 0.0203125 0.0328125
1 0.35546875 0.05 0.01953125 0.034375
1 0.321875 0.034375 0.015625 0.02421875
1 0.3484375 0.02421875 0.01640625 0.025
1 0.31875 0.0140625 0.015625 0.021875
1 0.29140625 0.028125 0.01796875 0.025
4 0.33828125 0.0078125 0.015625 0.01484375