1 0.059375 0.87578125 0.11875 0.2484375
1 0.48671875 0.7546875 0.0875 0.25859375
1 0.31015625 0.546875 0.084375 0.17421875
1 0.2078125 0.53125 0.08984375 0.171875
1 0.24609375 0.378125 0.0625 0.1171875
1 0.346875 0.33984375 0.0515625 0.10859375
4 0.48984375 0.49140625 0.07265625 0.1859375
3 0.475 0.340625 0.084375 0.16953125
1 0.4421875 0.25625 0.04296875 0.06328125
1 0.3453125 0.2484375 0.03828125 0.06953125
1 0.3421875 0.1765625 0.03046875 0.0609375
1 0.240625 0.1578125 0.0296875 0.05546875
1 0.290625 0.1046875 0.02734375 0.0375
1 0.41796875 0.19921875 0.02734375 0.04765625
1 0.40234375 0.1703125 0.02890625 0.05078125
1 0.38671875 0.13828125 0.025 0.04140625
1 0.38125 0.10078125 0.02578125 0.0453125
1 0.3671875 0.08203125 0.01796875 0.0328125
1 0.3609375 0.05234375 0.0203125 0.03125
1 0.31875 0.0234375 0.01484375 0.02109375
1 0.3390625 0.00703125 0.01640625 0.0140625
0 0.3296875 0.08203125 0.04296875 0.10625
1 0.29375 0.01171875 0.01875 0.01875
1 0.31484375 0.0046875 0.0125 0.00859375