1 0.85 0.69453125 0.10859375 0.20546875
1 0.4734375 0.61953125 0.0765625 0.190625
1 0.1921875 0.85 0.13828125 0.3
1 0.2125 0.159375 0.03203125 0.06015625
1 0.4109375 0.2265625 0.0390625 0.06875
1 0.39140625 0.1875 0.03984375 0.071875
1 0.38125 0.15625 0.03359375 0.05078125
1 0.33828125 0.05234375 0.02109375 0.0328125
1 0.265625 0.0203125 0.01640625 0.02265625
1 0.3609375 0.1140625 0.02734375 0.0484375
4 0.34609375 0.07578125 0.025 0.03984375
4 0.4671875 0.3890625 0.0625 0.14375
4 0.4421875 0.29765625 0.04765625 0.10546875
3 0.3015625 0.05625 0.04453125 0.1125