3 0.084375 0.728125 0.16796875 0.54296875
3 0.34296875 0.021875 0.0359375 0.04375
1 0.25546875 0.56640625 0.0859375 0.18046875
4 0.30703125 0.30703125 0.06875 0.20078125
4 0.31171875 0.08515625 0.0375 0.07265625
4 0.2640625 0.02890625 0.02734375 0.05
1 0.25703125 0.24765625 0.04375 0.0984375
1 0.20703125 0.11328125 0.03359375 0.06328125
4 0.4765625 0.48203125 0.0765625 0.19140625
1 0.85390625 0.68984375 0.12734375 0.2453125
1 0.41484375 0.1875 0.04296875 0.07578125
4 0.36875 0.07265625 0.03359375 0.06328125
1 0.296875 0.01328125 0.02421875 0.0265625
2 0.2671875 0.0046875 0.01171875 0.00859375