4 0.2859375 0.5984375 0.1203125 0.34609375
4 0.33125 0.3734375 0.0671875 0.1453125
4 0.234375 0.3953125 0.07734375 0.14921875
4 0.45859375 0.31640625 0.05703125 0.125
4 0.5046875 0.6921875 0.0875 0.2703125
1 0.240625 0.159375 0.03046875 0.05703125
1 0.34375 0.28125 0.04140625 0.08359375
1 0.9125 0.521875 0.11328125 0.1578125
1 0.34609375 0.20859375 0.03359375 0.06171875
1 0.290625 0.0625 0.021875 0.03125
1 0.325 0.03671875 0.01953125 0.0203125
1 0.31640625 0.01484375 0.01875 0.028125
1 0.28125 0.215625 0.03984375 0.06328125
1 0.2921875 0.11015625 0.02734375 0.04140625
2 0.29375 0.3078125 0.02265625 0.07734375
2 0.29296875 0.01953125 0.00859375 0.02109375
4 0.3296875 0.07734375 0.02734375 0.0671875
3 0.428125 0.196875 0.05859375 0.10859375
1 0.48125 0.4421875 0.0578125 0.1296875