2 0.0203125 0.92890625 0.040625 0.1421875
2 0.2359375 0.55625 0.040625 0.12265625
1 0.14296875 0.61875 0.11796875 0.2109375
1 0.425 0.2171875 0.0421875 0.0640625
0 0.76953125 0.82890625 0.19453125 0.3421875
1 0.47734375 0.6109375 0.08125 0.1953125
1 0.2546875 0.26015625 0.04140625 0.0796875
1 0.2234375 0.13671875 0.0328125 0.06015625
1 0.27734375 0.178125 0.03671875 0.06875
1 0.39296875 0.14296875 0.03046875 0.05078125
1 0.3265625 0.11640625 0.0296875 0.040625
1 0.375 0.09921875 0.02734375 0.04140625
1 0.35859375 0.06953125 0.02265625 0.0375
1 0.3203125 0.08671875 0.02578125 0.0453125
4 0.28515625 0.07578125 0.02421875 0.05234375
4 0.334375 0.19921875 0.03984375 0.08046875
4 0.33046875 0.2796875 0.0453125 0.103125
1 0.3171875 0.4796875 0.065625 0.15
1 0.94609375 0.4609375 0.1078125 0.14453125
4 0.47734375 0.4484375 0.07734375 0.1734375
3 0.4625 0.30703125 0.0828125 0.1625
1 0.33828125 0.0265625 0.01796875 0.03125