1 0.50546875 0.89140625 0.115625 0.2171875
1 0.3171875 0.4328125 0.065625 0.14609375
1 0.4921875 0.54453125 0.0640625 0.1515625
1 0.4734375 0.39609375 0.0578125 0.1171875
1 0.23984375 0.15625 0.03359375 0.059375
1 0.34453125 0.24296875 0.040625 0.07109375
1 0.334375 0.12890625 0.02734375 0.04609375
1 0.40234375 0.15234375 0.034375 0.05546875
1 0.33046875 0.07890625 0.02109375 0.03515625
1 0.32265625 0.05 0.01796875 0.03046875
1 0.35078125 0.02890625 0.015625 0.025
1 0.3578125 0.04375 0.01640625 0.01953125
1 0.36640625 0.0625 0.02265625 0.02734375
1 0.29296875 0.06484375 0.01953125 0.0328125
1 0.41875 0.19375 0.034375 0.05546875
4 0.4609375 0.275 0.046875 0.0953125
4 0.28515625 0.17890625 0.040625 0.07890625
4 0.31640625 0.01328125 0.01875 0.0265625
3 0.38125 0.115625 0.03359375 0.05234375
4 0.2265625 0.84140625 0.15 0.31640625
1 0.375 0.0828125 0.01953125 0.0265625