3 0.0625 0.8546875 0.125 0.290625
1 0.20078125 0.5890625 0.1109375 0.19609375
1 0.5125 0.3609375 0.05546875 0.109375
1 0.36640625 0.14453125 0.03125 0.05703125
1 0.25703125 0.14453125 0.03515625 0.0640625
1 0.359375 0.06875 0.025 0.0390625
1 0.3125 0.06484375 0.02578125 0.03515625
4 0.3125 0.17109375 0.040625 0.0828125
4 0.365625 0.29609375 0.05625 0.12421875
4 0.33046875 0.52734375 0.109375 0.31640625
4 0.46484375 0.21953125 0.05 0.10625
3 0.44140625 0.1296875 0.053125 0.096875
1 0.27734375 0.80859375 0.115625 0.26875
2 0.3234375 0.1078125 0.015625 0.05
4 0.54609375 0.6890625 0.0953125 0.27265625