1 0.48203125 0.6375 0.0765625 0.19375
1 0.31015625 0.5578125 0.08046875 0.16875
1 0.20859375 0.49609375 0.0890625 0.14375
1 0.26015625 0.31484375 0.0546875 0.096875
2 0.2828125 0.225 0.015625 0.06015625
1 0.27890625 0.17109375 0.03359375 0.06015625
1 0.228125 0.15859375 0.03359375 0.0640625
1 0.33515625 0.17265625 0.03125 0.0484375
1 0.32109375 0.0734375 0.021875 0.01953125
1 0.28359375 0.06328125 0.01875 0.03515625
1 0.284375 0.0296875 0.0171875 0.034375
1 0.3453125 0.04296875 0.01796875 0.0265625
1 0.3140625 0.03125 0.0171875 0.025
1 0.33828125 0.01875 0.01796875 0.02890625
1 0.328125 0.00703125 0.0171875 0.0140625
1 0.36796875 0.08203125 0.02734375 0.0390625
4 0.48359375 0.47578125 0.075 0.184375
4 0.33515625 0.2515625 0.05078125 0.13515625
4 0.33046875 0.1328125 0.0265625 0.05390625
4 0.325 0.10703125 0.028125 0.05
4 0.27734375 0.1078125 0.0296875 0.0546875
1 0.3171875 0.0546875 0.02421875 0.034375
2 0.3015625 0.06171875 0.009375 0.0328125
3 0.4640625 0.315625 0.08046875 0.1640625
1 0.01328125 0.959375 0.02578125 0.08046875