4 0.09765625 0.68828125 0.128125 0.26015625
1 0.1671875 0.475 0.0875 0.1515625
1 0.45 0.35625 0.0515625 0.1046875
1 0.409375 0.2234375 0.04375 0.078125
1 0.31328125 0.1546875 0.0328125 0.059375
1 0.20390625 0.1296875 0.0328125 0.06171875
1 0.30078125 0.08203125 0.02734375 0.0453125
1 0.36875 0.1296875 0.03359375 0.0515625
1 0.35859375 0.08515625 0.0265625 0.04765625
1 0.34453125 0.05859375 0.0203125 0.0546875
4 0.334375 0.025 0.02578125 0.04453125
1 0.2953125 0.0359375 0.02265625 0.0359375
4 0.26015625 0.040625 0.02734375 0.06328125
1 0.2890625 0.003125 0.01484375 0.00625
3 0.25390625 0.15546875 0.05078125 0.09921875
0 0.28515625 0.3453125 0.10859375 0.321875
1 0.49765625 0.8890625 0.125 0.22109375