1 0.31328125 0.390625 0.06015625 0.1125
1 0.328125 0.259375 0.0375 0.07734375
1 0.40703125 0.14609375 0.0328125 0.05390625
1 0.3390625 0.153125 0.03046875 0.0515625
1 0.2421875 0.15625 0.03203125 0.05703125
4 0.2921875 0.1109375 0.034375 0.0578125
1 0.3765625 0.0890625 0.02265625 0.04453125
1 0.3328125 0.08984375 0.02421875 0.0375
1 0.29375 0.05703125 0.0203125 0.028125
1 0.346875 0.02109375 0.015625 0.0265625
1 0.3234375 0.03671875 0.01171875 0.02265625
1 0.321875 0.0203125 0.01640625 0.025
1 0.29375 0.02890625 0.0171875 0.02265625