0 0.065625 0.8234375 0.13125 0.353125
1 0.478125 0.434375 0.05859375 0.1390625
1 0.3109375 0.48046875 0.07109375 0.14296875
1 0.33046875 0.33828125 0.05078125 0.09609375
1 0.27890625 0.26171875 0.04296875 0.07109375
1 0.290625 0.18828125 0.03125 0.0578125
1 0.3390625 0.1984375 0.03359375 0.0609375
1 0.43203125 0.22109375 0.0421875 0.07109375
1 0.38671875 0.11875 0.02890625 0.0453125
1 0.3328125 0.13125 0.0265625 0.04765625
1 0.23984375 0.15703125 0.03203125 0.059375
1 0.29296875 0.08515625 0.02265625 0.0390625
1 0.32890625 0.08359375 0.02265625 0.040625
1 0.36796875 0.07578125 0.02421875 0.0375
1 0.35546875 0.03671875 0.0203125 0.03046875
1 0.32421875 0.04375 0.01875 0.02890625
1 0.29375 0.06015625 0.01796875 0.0265625
1 0.29140625 0.03515625 0.01796875 0.025
1 0.31875 0.0203125 0.015625 0.02265625
1 0.31328125 0.00390625 0.0140625 0.0078125