1 0.26953125 0.79375 0.11796875 0.278125
1 0.24453125 0.3984375 0.071875 0.125
1 0.34921875 0.20390625 0.03671875 0.0546875
1 0.39375 0.11640625 0.02734375 0.04453125
1 0.29296875 0.09609375 0.02421875 0.03671875
1 0.296875 0.0578125 0.0203125 0.03671875
1 0.32734375 0.04921875 0.01875 0.0296875
4 0.33203125 0.07421875 0.025 0.034375
4 0.340625 0.121875 0.0296875 0.04453125
4 0.34140625 0.15390625 0.0328125 0.0546875
4 0.2890625 0.14453125 0.03125 0.06015625
4 0.49140625 0.4640625 0.07265625 0.16953125
1 0.49140625 0.6234375 0.07734375 0.18515625
3 0.4765625 0.32890625 0.07890625 0.16875
1 0.2875 0.21953125 0.03984375 0.071875
1 0.24140625 0.1578125 0.03203125 0.0578125
1 0.36640625 0.06640625 0.021875 0.0328125
1 0.35703125 0.04140625 0.01796875 0.0265625
1 0.346875 0.021875 0.0171875 0.02578125
1 0.3171875 0.00625 0.01484375 0.0125
1 0.33671875 0.0046875 0.0140625 0.009375
2 0.28515625 0.28359375 0.0203125 0.071875
2 0.31484375 0.10234375 0.0109375 0.040625
4 0.34140625 0.31875 0.0578125 0.1546875
1 0.15078125 0.66484375 0.12421875 0.209375