1 0.5 0.6953125 0.08828125 0.221875
1 0.17265625 0.56328125 0.09375 0.17265625
1 0.32734375 0.4140625 0.05859375 0.1296875
1 0.48828125 0.4765625 0.06015625 0.13046875
1 0.46796875 0.35234375 0.0546875 0.10546875
1 0.95390625 0.4671875 0.0921875 0.128125
1 0.340625 0.1640625 0.0328125 0.05234375
1 0.2390625 0.1578125 0.0328125 0.0546875
1 0.40859375 0.1671875 0.03046875 0.053125
1 0.39453125 0.13046875 0.0296875 0.05234375
1 0.33359375 0.11484375 0.028125 0.04609375
1 0.321875 0.03046875 0.01796875 0.03046875
1 0.3171875 0.01328125 0.0140625 0.02265625
1 0.32421875 0.0578125 0.01875 0.03359375
1 0.34375 0.01171875 0.01484375 0.0234375
1 0.35234375 0.02265625 0.015625 0.02109375
1 0.359375 0.0421875 0.0203125 0.021875
1 0.25859375 0.325 0.0546875 0.09140625
1 0.36875 0.0640625 0.021875 0.02421875
1 0.29296875 0.01015625 0.0171875 0.01484375
4 0.2921875 0.05078125 0.02578125 0.04921875
4 0.35 0.25390625 0.04453125 0.09765625
4 0.45 0.234375 0.04375 0.0875
3 0.37421875 0.09375 0.0296875 0.046875