1 0.30234375 0.3625 0.0578125 0.1140625
1 0.25390625 0.265625 0.04765625 0.08828125
1 0.4046875 0.16953125 0.0375 0.06171875
1 0.21171875 0.1484375 0.03515625 0.0625
1 0.26640625 0.10625 0.02578125 0.04609375
1 0.36015625 0.08828125 0.028125 0.04453125
1 0.2671875 0.01875 0.01953125 0.02734375
1 0.29765625 0.01015625 0.0171875 0.0203125
1 0.325 0.00625 0.01484375 0.01171875
4 0.3125 0.11484375 0.02734375 0.06171875
4 0.27578125 0.51953125 0.10625 0.2703125
4 0.46796875 0.45234375 0.0625 0.1546875