1 0.18203125 0.778125 0.121875 0.26328125
1 0.44140625 0.58515625 0.07890625 0.18671875
4 0.0578125 0.69765625 0.115625 0.2671875
4 0.21484375 0.01640625 0.025 0.0328125
4 0.29140625 0.01953125 0.03046875 0.0390625
1 0.3578125 0.19453125 0.04375 0.06796875
1 0.39296875 0.29609375 0.05 0.08359375
1 0.13984375 0.44921875 0.08046875 0.1484375
1 0.1578125 0.1390625 0.0375 0.06953125
1 0.25546875 0.06328125 0.01953125 0.0453125
1 0.2703125 0.1125 0.034375 0.03125
1 0.32578125 0.11875 0.0296875 0.05546875
1 0.31875 0.08125 0.02734375 0.0421875
1 0.30546875 0.0640625 0.02578125 0.05390625
1 0.25078125 0.01875 0.02109375 0.034375
3 0.21328125 0.11015625 0.0453125 0.08828125
0 0.2640625 0.25 0.08359375 0.24140625