1 0.06953125 0.86796875 0.13828125 0.2640625
1 0.2796875 0.66953125 0.103125 0.22890625
1 0.4890625 0.51875 0.0703125 0.16953125
1 0.47421875 0.3515625 0.0546875 0.1
1 0.234375 0.42578125 0.071875 0.125
1 0.4484375 0.28046875 0.04609375 0.07578125
1 0.4296875 0.21796875 0.0390625 0.06171875
1 0.4078125 0.1625 0.03125 0.053125
1 0.3796875 0.096875 0.02578125 0.040625
1 0.23984375 0.1609375 0.0296875 0.059375
1 0.32265625 0.05703125 0.01875 0.0265625
1 0.346875 0.02578125 0.01328125 0.0265625
1 0.3375 0.01171875 0.01484375 0.0234375
4 0.3578125 0.0390625 0.0171875 0.03515625
1 0.48671875 0.93828125 0.103125 0.1234375
1 0.34609375 0.296875 0.04296875 0.07890625
3 0.33671875 0.11328125 0.04296875 0.10546875