2 0.15234375 0.65625 0.046875 0.13984375
2 0.3046875 0.3421875 0.0265625 0.078125
0 0.7875 0.70625 0.28359375 0.5875
4 0.196875 0.8359375 0.18125 0.328125
4 0.26171875 0.31875 0.05234375 0.11015625
4 0.34609375 0.24921875 0.03828125 0.0875
4 0.34375 0.19140625 0.0359375 0.0640625
4 0.48828125 0.4625 0.06875 0.1765625
1 0.484375 0.621875 0.07578125 0.19296875
1 0.27890625 0.21484375 0.0375 0.065625
1 0.23984375 0.1578125 0.03203125 0.06328125
1 0.2953125 0.153125 0.03359375 0.05390625
1 0.3953125 0.140625 0.02421875 0.04921875
1 0.378125 0.10390625 0.02734375 0.03671875
1 0.340625 0.1484375 0.03125 0.0265625
1 0.3375 0.1234375 0.0296875 0.0265625
1 0.33125 0.090625 0.02578125 0.034375
1 0.36328125 0.07421875 0.02265625 0.03125
4 0.30859375 0.0609375 0.01953125 0.03515625
1 0.34765625 0.0375 0.0171875 0.025
1 0.34296875 0.01015625 0.01796875 0.0203125
1 0.34765625 0.3734375 0.0484375 0.0984375
1 0.221875 0.4703125 0.078125 0.14765625
1 0.42890625 0.21953125 0.0390625 0.0609375
3 0.47265625 0.32421875 0.0796875 0.159375
1 0.034375 0.93984375 0.06796875 0.1203125