1 0.48828125 0.5734375 0.06796875 0.16640625
1 0.18125 0.565625 0.09921875 0.1890625
1 0.45546875 0.2859375 0.0453125 0.0890625
1 0.340625 0.2703125 0.0375 0.0703125
1 0.3734375 0.1 0.02421875 0.04140625
1 0.32578125 0.07734375 0.02109375 0.0359375
1 0.2390625 0.16171875 0.03359375 0.06015625
1 0.29140625 0.034375 0.0171875 0.02421875
1 0.3203125 0.03828125 0.0171875 0.028125
1 0.3484375 0.03203125 0.01875 0.03203125
4 0.2890625 0.175 0.03515625 0.06796875
4 0.41328125 0.18359375 0.034375 0.0609375
3 0.29765625 0.45078125 0.1 0.25703125