3 0.7859375 0.76796875 0.184375 0.46328125
1 0.4859375 0.628125 0.07734375 0.1984375
1 0.06953125 0.84609375 0.13515625 0.25234375
1 0.2078125 0.51484375 0.084375 0.13984375
1 0.47421875 0.3859375 0.05625 0.11796875
1 0.40546875 0.1671875 0.0328125 0.0515625
1 0.33984375 0.2109375 0.03515625 0.06484375
1 0.28359375 0.22890625 0.04140625 0.078125
1 0.240625 0.15859375 0.0296875 0.05703125
1 0.3390625 0.134375 0.02265625 0.0421875
1 0.29140625 0.1203125 0.02734375 0.04296875
1 0.3796875 0.09765625 0.02578125 0.03984375
1 0.33125 0.08671875 0.02265625 0.0390625
1 0.29375 0.053125 0.01875 0.03125
1 0.35546875 0.0359375 0.015625 0.02578125
1 0.32265625 0.0390625 0.0171875 0.02890625
1 0.3390625 0.00625 0.0125 0.0125
1 0.2875 0.17109375 0.03046875 0.05
1 0.3328125 0.35234375 0.05078125 0.09609375
1 0.25234375 0.74609375 0.11640625 0.2546875
1 0.43359375 0.23671875 0.04375 0.06875
3 0.31640625 0.0078125 0.01875 0.015625