1 0.25 0.590625 0.09609375 0.203125
1 0.4734375 0.49765625 0.078125 0.175
1 0.0625 0.7109375 0.125 0.259375
1 0.25 0.09609375 0.02890625 0.04921875
1 0.19453125 0.11484375 0.0328125 0.06015625
1 0.384375 0.14453125 0.0375 0.06171875
1 0.30390625 0.07265625 0.025 0.040625
1 0.290625 0.03046875 0.0234375 0.03828125
1 0.30625 0.2953125 0.0515625 0.0984375
1 0.42421875 0.28828125 0.0578125 0.09296875
4 0.24453125 0.15078125 0.04140625 0.08203125
4 0.2265625 0.23671875 0.065625 0.1375
3 0.1703125 0.4109375 0.1296875 0.22578125
4 0.35234375 0.07109375 0.03359375 0.06640625