1 0.7578125 0.8265625 0.12890625 0.30390625
1 0.48515625 0.4390625 0.05234375 0.12265625
1 0.4609375 0.32734375 0.05 0.096875
1 0.346875 0.24140625 0.03515625 0.07578125
1 0.23984375 0.153125 0.03125 0.059375
1 0.25859375 0.3171875 0.0515625 0.08984375
1 0.28359375 0.2 0.0328125 0.06171875
1 0.40234375 0.15078125 0.03046875 0.0484375
1 0.38671875 0.11640625 0.0296875 0.04296875
1 0.334375 0.10625 0.0265625 0.03984375
1 0.3265625 0.078125 0.021875 0.03671875
1 0.3625 0.05390625 0.02109375 0.02265625
1 0.35390625 0.0296875 0.01796875 0.025
1 0.3203125 0.03671875 0.01640625 0.025
1 0.31875 0.0171875 0.015625 0.01796875
4 0.34609375 0.1609375 0.034375 0.06640625
4 0.43671875 0.2078125 0.0375 0.0734375
4 0.2921875 0.021875 0.01875 0.03515625
1 0.49453125 0.63984375 0.084375 0.19765625
1 0.24609375 0.6640625 0.10234375 0.20234375
2 0.21875 0.49765625 0.03984375 0.11875
1 0.34765625 0.0140625 0.015625 0.01796875
3 0.36875 0.08671875 0.0265625 0.04140625