4 0.18671875 0.87890625 0.1796875 0.2421875
4 0.94921875 0.471875 0.1015625 0.159375
4 0.48671875 0.4609375 0.07421875 0.1765625
4 0.3421875 0.1828125 0.03984375 0.10234375
1 0.27890625 0.29921875 0.0484375 0.0859375
1 0.34921875 0.3140625 0.046875 0.08828125
1 0.16875 0.5609375 0.10234375 0.1765625
1 0.28828125 0.203125 0.03671875 0.06796875
1 0.23984375 0.15625 0.0328125 0.0609375
1 0.29296875 0.09296875 0.0203125 0.034375
2 0.296875 0.13515625 0.0140625 0.04765625
4 0.33203125 0.090625 0.02265625 0.04453125
4 0.3265625 0.07109375 0.0234375 0.0390625
1 0.3390625 0.12265625 0.0328125 0.0328125
4 0.2890625 0.0484375 0.0203125 0.03671875
1 0.353125 0.03203125 0.01953125 0.0265625
3 0.44609375 0.246875 0.0671875 0.12734375
1 0.32265625 0.5296875 0.071875 0.1625
1 0.48515625 0.6171875 0.07421875 0.1890625
1 0.32421875 0.0453125 0.01953125 0.02265625
1 0.3203125 0.025 0.01484375 0.02421875
2 0.30859375 0.01640625 0.0046875 0.02265625
1 0.29296875 0.0234375 0.0140625 0.02421875
1 0.3390625 0.009375 0.015625 0.01875
1 0.31796875 0.00703125 0.01171875 0.0140625