3 0.10234375 0.740625 0.2046875 0.51875
3 0.36875 0.06171875 0.03359375 0.065625
1 0.2859375 0.58359375 0.08046875 0.16953125
4 0.334375 0.340625 0.06484375 0.18828125
4 0.33828125 0.1328125 0.03515625 0.06796875
4 0.29296875 0.08046875 0.02578125 0.046875
1 0.28671875 0.284375 0.04140625 0.0921875
1 0.23984375 0.15859375 0.03125 0.059375
4 0.4921875 0.50390625 0.071875 0.17890625
1 0.846875 0.6984375 0.11953125 0.2296875
1 0.43515625 0.22890625 0.040625 0.07109375
4 0.3921875 0.1203125 0.03125 0.059375
1 0.325 0.0609375 0.021875 0.034375
1 0.3203125 0.02734375 0.01875 0.03125
1 0.2921875 0.025 0.01875 0.02109375
2 0.296875 0.046875 0.0109375 0.03046875