3 0.04375 0.78046875 0.0875 0.43828125
3 0.328125 0.0515625 0.05078125 0.08359375
4 0.2484375 0.4390625 0.09375 0.2828125
4 0.27734375 0.16875 0.05 0.10078125
4 0.2234375 0.075 0.03125 0.0671875
4 0.35546875 0.13125 0.04296875 0.08359375
1 0.4046875 0.26484375 0.05078125 0.09921875
4 0.4515625 0.59453125 0.08828125 0.240625
1 0.17265625 0.39765625 0.07734375 0.15
1 0.1640625 0.1109375 0.0390625 0.065625
1 0.265625 0.053125 0.02890625 0.04765625
1 0.259375 0.00703125 0.02265625 0.0140625
1 0.22109375 0.00546875 0.02265625 0.0109375
2 0.228125 0.02890625 0.01015625 0.03515625
1 0.196875 0.71171875 0.11015625 0.24296875