1 0.28984375 0.596875 0.0890625 0.18828125
1 0.496875 0.51015625 0.07265625 0.16171875
1 0.1109375 0.70859375 0.12890625 0.23828125
1 0.290625 0.1390625 0.02734375 0.0453125
1 0.2390625 0.15625 0.03046875 0.05546875
1 0.4140625 0.18359375 0.03515625 0.05703125
1 0.33984375 0.1171875 0.0234375 0.0375
1 0.328125 0.078125 0.021875 0.03515625
1 0.321875 0.03828125 0.01953125 0.03125
1 0.34296875 0.3234375 0.04765625 0.090625
1 0.4515625 0.3171875 0.053125 0.0859375
4 0.28515625 0.1890625 0.03828125 0.07578125
4 0.26875 0.26875 0.0609375 0.12734375
3 0.21640625 0.4296875 0.1203125 0.20859375
4 0.38515625 0.115625 0.03125 0.06171875