1 0.4765625 0.8140625 0.1 0.27578125
1 0.24453125 0.72890625 0.1140625 0.25625
1 0.47265625 0.496875 0.06484375 0.15703125
1 0.4453125 0.325 0.053125 0.10078125
1 0.20078125 0.15 0.03515625 0.06171875
1 0.3015625 0.0875 0.0265625 0.040625
1 0.34375 0.05859375 0.021875 0.034375
1 0.35078125 0.08359375 0.02890625 0.05
1 0.36640625 0.115625 0.02890625 0.046875
1 0.2609375 0.08828125 0.02890625 0.04609375
1 0.2609375 0.0546875 0.021875 0.0375
4 0.25859375 0.02265625 0.02421875 0.0375
4 0.25390625 0.1515625 0.04140625 0.090625
4 0.31484375 0.171875 0.03984375 0.07265625
4 0.38671875 0.15 0.03203125 0.07109375
4 0.4125 0.19921875 0.0453125 0.0890625
4 0.23671875 0.321875 0.06484375 0.13125
1 0.2953125 0.04375 0.0234375 0.0421875
1 0.29140625 0.01640625 0.01953125 0.025
3 0.3125 0.32109375 0.07734375 0.23046875