3 0.0609375 0.83359375 0.121875 0.33203125
1 0.18984375 0.5578125 0.1 0.1765625
1 0.471875 0.35234375 0.05078125 0.0984375
1 0.33984375 0.15703125 0.028125 0.0515625
1 0.24140625 0.15625 0.03203125 0.0578125
1 0.33359375 0.08828125 0.02265625 0.03515625
1 0.29140625 0.08515625 0.0234375 0.03125
1 0.29296875 0.01796875 0.0140625 0.02109375
4 0.31796875 0.01484375 0.0203125 0.0296875
4 0.29140625 0.18125 0.03671875 0.07421875
4 0.33984375 0.29375 0.05078125 0.1125
4 0.3078125 0.50234375 0.0984375 0.28515625
4 0.42890625 0.225 0.0453125 0.09609375
3 0.4078125 0.14296875 0.0484375 0.0875
1 0.259375 0.75625 0.1046875 0.2421875
2 0.30078125 0.1234375 0.0140625 0.0453125
4 0.50234375 0.6484375 0.0859375 0.24609375