3 0.34140625 0.28125 0.0890625 0.2390625
1 0.5171875 0.64921875 0.09375 0.23359375
1 0.4765625 0.3046875 0.05546875 0.09140625
1 0.45703125 0.2328125 0.04296875 0.07109375
1 0.43828125 0.18515625 0.03671875 0.06640625
1 0.4140625 0.13515625 0.0328125 0.05859375
1 0.34609375 0.13828125 0.03203125 0.0515625
1 0.23984375 0.14453125 0.0359375 0.06640625
1 0.37265625 0.03671875 0.01796875 0.03359375
1 0.35859375 0.0171875 0.01796875 0.03359375
1 0.3265625 0.00390625 0.015625 0.0078125
4 0.38828125 0.05859375 0.0265625 0.05078125
1 0.5046875 0.42421875 0.06640625 0.13125