1 0.20859375 0.48046875 0.08203125 0.1390625
1 0.22109375 0.78515625 0.11953125 0.2578125
1 0.45234375 0.30078125 0.04921875 0.09296875
1 0.23359375 0.14765625 0.03125 0.06015625
1 0.36953125 0.08203125 0.0265625 0.04140625
1 0.31875 0.0375 0.0171875 0.03046875
1 0.34609375 0.02109375 0.01875 0.02890625
1 0.309375 0.025 0.01640625 0.02734375
1 0.28671875 0.0328125 0.0171875 0.02890625
1 0.284375 0.00859375 0.01484375 0.0171875
1 0.3125 0.0078125 0.01484375 0.015625
0 0.2796875 0.115625 0.04921875 0.13125