1 0.51171875 0.71796875 0.09140625 0.284375
1 0.2640625 0.6265625 0.10390625 0.2171875
1 0.1984375 0.4640625 0.09375 0.16875
1 0.48359375 0.3578125 0.05859375 0.11796875
1 0.2703125 0.22578125 0.04765625 0.09140625
1 0.22890625 0.103125 0.03515625 0.0640625
1 0.434375 0.159375 0.04375 0.075
1 0.33671875 0.10234375 0.028125 0.05546875
1 0.2875 0.03125 0.0265625 0.05078125
1 0.3921875 0.06328125 0.0296875 0.0515625
1 0.35859375 0.00546875 0.021875 0.0109375
3 0.33671875 0.18671875 0.05390625 0.13984375