1 0.053125 0.884375 0.10546875 0.23125
1 0.50625 0.5671875 0.08046875 0.196875
1 0.4671875 0.275 0.04921875 0.0875
1 0.4453125 0.20859375 0.04375 0.0703125
1 0.42734375 0.1546875 0.034375 0.05703125
1 0.4 0.0953125 0.02890625 0.0484375
1 0.3328125 0.065625 0.02421875 0.0375
1 0.2390625 0.134375 0.0359375 0.06171875
1 0.359375 0.0109375 0.0171875 0.021875
4 0.3734375 0.0265625 0.021875 0.04765625
1 0.31875 0.53984375 0.0765625 0.16484375
1 0.490625 0.36328125 0.06015625 0.109375
3 0.34765625 0.1515625 0.0578125 0.14296875