4 0.0609375 0.84375 0.12109375 0.31171875
4 0.25390625 0.2 0.0515625 0.11796875
4 0.2640625 0.1046875 0.0328125 0.05859375
4 0.3484375 0.05390625 0.0296875 0.0515625
1 0.265625 0.67421875 0.1015625 0.22421875
1 0.384375 0.16796875 0.0375 0.05703125
1 0.315625 0.16171875 0.03671875 0.0609375
1 0.14765625 0.54921875 0.1 0.1734375
1 0.5078125 0.77578125 0.10234375 0.28125
1 0.46015625 0.378125 0.05703125 0.11640625
1 0.31640625 0.28671875 0.0453125 0.08984375
1 0.4265625 0.23984375 0.0515625 0.08359375
1 0.36640625 0.096875 0.02578125 0.0421875
1 0.2109375 0.1390625 0.03515625 0.0625
1 0.26484375 0.04453125 0.02265625 0.03046875
1 0.30703125 0.0484375 0.021875 0.03046875
1 0.2984375 0.02578125 0.01875 0.0328125
1 0.29609375 0.00546875 0.01796875 0.01015625
3 0.2234375 0.34296875 0.096875 0.18125