1 0.52421875 0.7890625 0.10078125 0.27578125
1 0.2296875 0.87265625 0.125 0.2546875
1 0.32265625 0.55546875 0.075 0.16015625
1 0.19765625 0.50234375 0.08359375 0.15
1 0.4765625 0.39453125 0.0546875 0.1125
1 0.33359375 0.39921875 0.0515625 0.10859375
1 0.26171875 0.2796875 0.0453125 0.07265625
1 0.44140625 0.2828125 0.04296875 0.071875
1 0.3390625 0.18671875 0.0328125 0.05546875
1 0.2296875 0.1625 0.03203125 0.05625
1 0.33046875 0.13984375 0.0265625 0.0421875
1 0.38125 0.1203125 0.02734375 0.04453125
1 0.2828125 0.0859375 0.021875 0.03359375
1 0.35234375 0.0484375 0.01875 0.02890625
1 0.3375 0.015625 0.01484375 0.0234375
1 0.2859375 0.0359375 0.01875 0.02421875
1 0.3171875 0.0546875 0.0203125 0.0296875
1 0.315625 0.0328125 0.01875 0.028125
1 0.2890625 0.01015625 0.0171875 0.0203125
1 0.340625 0.2515625 0.03984375 0.08046875
4 0.33125 0.30234375 0.0453125 0.0953125
4 0.4015625 0.184375 0.0359375 0.06796875
4 0.36875 0.075 0.028125 0.05703125
4 0.32578125 0.1046875 0.025 0.04453125
4 0.32109375 0.08125 0.025 0.04375