1 0.4984375 0.821875 0.096875 0.2734375
1 0.49921875 0.56015625 0.06953125 0.1625
1 0.48203125 0.3921875 0.0515625 0.109375
1 0.39921875 0.13984375 0.02890625 0.0515625
1 0.37890625 0.09453125 0.028125 0.0421875
1 0.37265625 0.0703125 0.0234375 0.03046875
1 0.3359375 0.1328125 0.02734375 0.046875
1 0.2921875 0.1375 0.03203125 0.04765625
1 0.23359375 0.15703125 0.03359375 0.06171875
1 0.29296875 0.09375 0.02265625 0.0375
1 0.32421875 0.04453125 0.02109375 0.02734375
1 0.3296875 0.078125 0.025 0.04375
1 0.32265625 0.01796875 0.02109375 0.0265625
4 0.28984375 0.05546875 0.02421875 0.040625
4 0.3421875 0.25703125 0.046875 0.09609375
4 0.2734375 0.24453125 0.05390625 0.12109375
4 0.42421875 0.18203125 0.0359375 0.0703125
4 0.45078125 0.2390625 0.04921875 0.09453125
4 0.1765625 0.5984375 0.12265625 0.253125
3 0.30859375 0.49765625 0.11640625 0.33125