3 0.48671875 0.58125 0.12578125 0.3140625
3 0.29296875 0.06328125 0.0296875 0.05546875
0 0.340625 0.15 0.0546875 0.1453125
1 0.0703125 0.8671875 0.140625 0.265625
1 0.290625 0.615625 0.09609375 0.1828125
1 0.26953125 0.29765625 0.0453125 0.0875
1 0.33828125 0.3375 0.04609375 0.0984375
1 0.4671875 0.34453125 0.053125 0.090625
4 0.19609375 0.52578125 0.0890625 0.178125
1 0.2390625 0.15703125 0.03515625 0.059375
1 0.42265625 0.215625 0.03359375 0.06171875
1 0.4046875 0.1734375 0.02890625 0.04453125
1 0.3859375 0.13671875 0.02734375 0.04453125
1 0.38359375 0.1046875 0.0234375 0.03046875
4 0.371875 0.08984375 0.02734375 0.0453125
4 0.353125 0.0359375 0.025 0.04140625
1 0.3234375 0.059375 0.01796875 0.0328125
1 0.3203125 0.028125 0.0171875 0.025
1 0.3140625 0.00625 0.0140625 0.0125