1 0.45 0.55234375 0.08046875 0.19375
1 0.434375 0.35703125 0.06015625 0.12265625
1 0.40390625 0.24140625 0.05234375 0.09453125
1 0.215625 0.14921875 0.03828125 0.065625
1 0.1671875 0.09375 0.03515625 0.06875
1 0.28359375 0.09296875 0.0328125 0.0625
1 0.34296875 0.07109375 0.0328125 0.05390625
1 0.32421875 0.034375 0.028125 0.04609375
1 0.26796875 0.00859375 0.021875 0.0171875
1 0.2203125 0.0671875 0.0296875 0.046875
1 0.26171875 0.2921875 0.05234375 0.10234375
2 0.23515625 0.1921875 0.02578125 0.078125
4 0.09609375 0.54453125 0.11484375 0.22265625
4 0.9203125 0.44609375 0.12734375 0.175
4 0.37109375 0.11953125 0.040625 0.075
4 0.27578125 0.03203125 0.03046875 0.05546875
3 0.3078125 0.01484375 0.0296875 0.0296875