1 0.08046875 0.73359375 0.14609375 0.275
1 0.21171875 0.85625 0.1234375 0.2875
4 0.4890625 0.69140625 0.0953125 0.27109375
4 0.271875 0.5296875 0.1109375 0.321875
4 0.30703125 0.3296875 0.06875 0.14375
4 0.246875 0.2234375 0.0515625 0.09921875
2 0.2734375 0.15 0.01484375 0.05234375
4 0.42265625 0.2546875 0.053125 0.109375
4 0.96640625 0.46640625 0.0671875 0.13671875
1 0.45859375 0.3953125 0.059375 0.128125
1 0.315625 0.20078125 0.040625 0.0734375
1 0.203125 0.13671875 0.03515625 0.06796875
1 0.25625 0.0953125 0.0296875 0.0453125
1 0.31015625 0.10859375 0.03125 0.05546875
3 0.39609375 0.1546875 0.06015625 0.11171875
1 0.259375 0.01328125 0.0203125 0.02578125
4 0.290625 0.0125 0.02265625 0.02421875