1 0.18203125 0.628125 0.1171875 0.23203125
1 0.246875 0.853125 0.14296875 0.29375
1 0.49765625 0.9734375 0.11328125 0.053125
1 0.34765625 0.46875 0.0765625 0.15703125
1 0.36015625 0.29375 0.04765625 0.08828125
1 0.359375 0.19921875 0.03984375 0.07109375
1 0.3046875 0.14375 0.03359375 0.059375
1 0.24921875 0.13828125 0.0328125 0.059375
1 0.43828125 0.1828125 0.03203125 0.05625
1 0.421875 0.15390625 0.03125 0.05
1 0.40390625 0.11875 0.028125 0.046875
1 0.40078125 0.08203125 0.0234375 0.03203125
1 0.3890625 0.06953125 0.025 0.03203125
1 0.384375 0.0421875 0.021875 0.028125
1 0.47109375 0.25859375 0.046875 0.0734375
3 0.50390625 0.3734375 0.096875 0.21015625
4 0.52578125 0.59765625 0.09140625 0.2375
1 0.334375 0.01015625 0.0171875 0.0203125
0 0.3484375 0.07890625 0.04765625 0.121875
3 0.3046875 0.00703125 0.028125 0.0140625
4 0.24765625 0.4046875 0.07421875 0.1421875