2 0.13828125 0.6640625 0.05 0.14921875
2 0.30078125 0.33125 0.028125 0.0828125
0 0.8125 0.70234375 0.3 0.5953125
4 0.1859375 0.840625 0.19296875 0.31875
4 0.25390625 0.30625 0.05546875 0.11640625
4 0.34375 0.23203125 0.040625 0.0921875
4 0.34140625 0.1703125 0.03828125 0.06875
4 0.4953125 0.45859375 0.0734375 0.1875
1 0.49140625 0.628125 0.08046875 0.20546875
1 0.27265625 0.1953125 0.03984375 0.06953125
1 0.23125 0.13515625 0.03359375 0.0671875
1 0.28984375 0.13046875 0.03515625 0.0578125
1 0.396875 0.1171875 0.02578125 0.05234375
1 0.378125 0.078125 0.02890625 0.0390625
1 0.33828125 0.125 0.0328125 0.028125
1 0.33515625 0.0984375 0.03203125 0.028125
1 0.328125 0.06328125 0.02734375 0.0359375
1 0.3625 0.04609375 0.02421875 0.03359375
4 0.3046875 0.03203125 0.02109375 0.0375
1 0.34609375 0.01015625 0.01796875 0.0203125
1 0.34609375 0.3640625 0.0515625 0.1046875
1 0.21171875 0.4671875 0.0828125 0.15703125
1 0.43203125 0.20078125 0.04140625 0.0640625
3 0.47890625 0.3125 0.084375 0.16875
1 0.02421875 0.95078125 0.0484375 0.0984375