4 0.10859375 0.75 0.13203125 0.2625
4 0.28515625 0.18125 0.04375 0.1015625
4 0.290625 0.08984375 0.025 0.046875
4 0.36640625 0.06640625 0.025 0.04609375
0 0.11171875 0.92578125 0.2234375 0.1484375
1 0.1875 0.521875 0.09921875 0.1609375
1 0.33203125 0.43828125 0.06484375 0.1234375
1 0.49609375 0.49140625 0.06328125 0.13984375
1 0.44765625 0.284375 0.05078125 0.0828125
1 0.41796875 0.19375 0.03984375 0.06875
1 0.3390625 0.22578125 0.0390625 0.0703125
1 0.240625 0.1578125 0.02890625 0.06015625
1 0.328125 0.05703125 0.01796875 0.0265625
1 0.321875 0.03984375 0.01484375 0.0265625
1 0.29140625 0.04375 0.01640625 0.02578125
1 0.31796875 0.0171875 0.0171875 0.0265625
1 0.37890625 0.09765625 0.025 0.0390625
1 0.3328125 0.13828125 0.028125 0.04765625
1 0.38984375 0.14453125 0.0296875 0.0453125
3 0.26171875 0.3171875 0.08203125 0.15234375