1 0.49296875 0.7125 0.0875 0.26171875
1 0.28671875 0.52421875 0.07578125 0.16328125
1 0.23828125 0.15390625 0.03203125 0.06640625
1 0.3359375 0.1953125 0.03125 0.06015625
1 0.3296875 0.13515625 0.028125 0.0484375
1 0.37578125 0.078125 0.02421875 0.0421875
1 0.33125 0.0796875 0.02265625 0.03984375
1 0.35546875 0.04296875 0.01953125 0.0359375
1 0.32109375 0.0390625 0.01875 0.03046875
4 0.290625 0.0625 0.02421875 0.05
1 0.29140625 0.02734375 0.0171875 0.02421875
1 0.3140625 0.009375 0.01640625 0.01796875