1 0.05 0.8796875 0.09921875 0.240625
1 0.48359375 0.7625 0.09140625 0.2703125
1 0.29921875 0.54609375 0.08828125 0.18203125
1 0.1921875 0.5296875 0.09453125 0.17890625
1 0.2328125 0.3703125 0.065625 0.12265625
1 0.3375 0.3296875 0.05390625 0.11328125
4 0.4875 0.48828125 0.07578125 0.19375
3 0.47109375 0.33125 0.08828125 0.1765625
1 0.4375 0.24296875 0.04453125 0.065625
1 0.3359375 0.234375 0.03984375 0.07265625
1 0.3328125 0.16015625 0.03203125 0.06328125
1 0.2265625 0.13984375 0.03125 0.0578125
1 0.27890625 0.084375 0.028125 0.03984375
1 0.41171875 0.18359375 0.02890625 0.05
1 0.3953125 0.153125 0.03046875 0.05234375
1 0.37890625 0.11953125 0.02578125 0.04375
1 0.3734375 0.08046875 0.0265625 0.04765625
1 0.359375 0.0609375 0.01875 0.034375
1 0.35234375 0.0296875 0.021875 0.0328125
1 0.3078125 0.0046875 0.015625 0.009375
0 0.31953125 0.0609375 0.04453125 0.1109375