1 0.23515625 0.7765625 0.12734375 0.2734375
1 0.3359375 0.21328125 0.03671875 0.06484375
1 0.4875 0.73046875 0.08984375 0.2484375
1 0.90703125 0.58046875 0.1296875 0.18359375
1 0.48203125 0.46015625 0.065625 0.15234375
1 0.32890625 0.34609375 0.04921875 0.09453125
1 0.22578125 0.403125 0.075 0.14140625
1 0.2234375 0.15859375 0.03359375 0.06484375
1 0.28125 0.09921875 0.0265625 0.04296875
1 0.32734375 0.14609375 0.03203125 0.05390625
1 0.3890625 0.13359375 0.03125 0.046875
1 0.35859375 0.059375 0.021875 0.03359375
1 0.33671875 0.01640625 0.0171875 0.028125
1 0.453125 0.30625 0.05546875 0.090625
1 0.2625 0.27734375 0.05 0.078125
1 0.2734375 0.19140625 0.0375 0.0609375
1 0.3171875 0.06875 0.0203125 0.0390625
3 0.3078125 0.01796875 0.02734375 0.0359375