3 0.3375 0.290625 0.090625 0.24375
1 0.51640625 0.66640625 0.0953125 0.23828125
1 0.47578125 0.31484375 0.05625 0.09375
1 0.4546875 0.2421875 0.04375 0.071875
1 0.4359375 0.19296875 0.0375 0.06796875
1 0.41171875 0.1421875 0.03359375 0.059375
1 0.3421875 0.14609375 0.0328125 0.05234375
1 0.23359375 0.15234375 0.03671875 0.06796875
1 0.36953125 0.0421875 0.01796875 0.034375
1 0.35546875 0.02109375 0.01875 0.0375
1 0.32265625 0.00625 0.015625 0.0125
4 0.38515625 0.0640625 0.02734375 0.0515625
1 0.50390625 0.43671875 0.06796875 0.13359375