1 0.76875 0.7953125 0.1390625 0.28984375
1 0.10390625 0.68203125 0.14140625 0.25546875
1 0.4828125 0.76015625 0.0890625 0.24375
1 0.4734375 0.5046875 0.06875 0.17109375
1 0.453125 0.27265625 0.05390625 0.08359375
1 0.31953125 0.17109375 0.0359375 0.06484375
1 0.21484375 0.14296875 0.03359375 0.06015625
1 0.30390625 0.059375 0.021875 0.0359375
1 0.29609375 0.01484375 0.0171875 0.02890625
1 0.26953125 0.00859375 0.01484375 0.0171875
1 0.29765625 0.00390625 0.015625 0.00703125
4 0.2671875 0.15390625 0.03515625 0.06875