4 0.02421875 0.93671875 0.0484375 0.1265625
4 0.17734375 0.9015625 0.1421875 0.196875
4 0.32265625 0.490625 0.075 0.18046875
4 0.4875 0.4625 0.071875 0.18046875
4 0.26171875 0.31796875 0.05625 0.10390625
1 0.4421875 0.25625 0.040625 0.06796875
1 0.48515625 0.62109375 0.078125 0.1921875
1 0.87109375 0.54765625 0.1203125 0.17421875
1 0.34921875 0.3046875 0.046875 0.0875
1 0.35078125 0.23125 0.040625 0.0734375
1 0.340625 0.17265625 0.028125 0.04921875
1 0.33359375 0.12734375 0.02578125 0.04765625
1 0.2390625 0.15625 0.03125 0.0609375
1 0.41640625 0.20078125 0.03359375 0.05546875
1 0.40234375 0.16640625 0.0296875 0.0453125
1 0.38671875 0.1359375 0.02578125 0.04453125
1 0.3703125 0.07421875 0.02265625 0.04453125
1 0.29140625 0.03125 0.0203125 0.04140625
1 0.31328125 0.00546875 0.0171875 0.0109375
1 0.34921875 0.025 0.01640625 0.02109375
1 0.353125 0.0484375 0.01953125 0.02421875
0 0.32421875 0.05390625 0.03671875 0.08359375
3 0.471875 0.325 0.0796875 0.1578125
1 0.16640625 0.5953125 0.10078125 0.16796875
1 0.2421875 0.42734375 0.0703125 0.1328125