1 0.4921875 0.5671875 0.071875 0.17265625
1 0.478125 0.39296875 0.05390625 0.109375
1 0.45078125 0.290625 0.046875 0.084375
1 0.2828125 0.2078125 0.034375 0.05859375
1 0.2390625 0.15859375 0.03203125 0.06171875
1 0.34296875 0.15859375 0.02890625 0.05546875
1 0.396875 0.13828125 0.02890625 0.04765625
1 0.3796875 0.10546875 0.02578125 0.040625
1 0.3296875 0.0734375 0.01953125 0.034375
1 0.32265625 0.0515625 0.0171875 0.03046875
1 0.35859375 0.046875 0.01953125 0.025
1 0.3171875 0.02265625 0.015625 0.025
1 0.315625 0.00546875 0.01484375 0.0109375
1 0.35 0.02265625 0.01953125 0.02421875
1 0.28671875 0.13515625 0.0265625 0.04140625
1 0.32421875 0.3359375 0.046875 0.09140625
2 0.3 0.246875 0.0234375 0.06953125
4 0.17578125 0.56015625 0.10234375 0.1984375
4 0.9125 0.47265625 0.1140625 0.15625
4 0.421875 0.18125 0.0359375 0.0671875
4 0.33671875 0.10390625 0.02734375 0.05
3 0.365625 0.0796875 0.0265625 0.0453125
1 0.2921875 0.00625 0.015625 0.0125