3 0.50078125 0.553125 0.1390625 0.3484375
0 0.3375 0.07734375 0.059375 0.1546875
1 0.059375 0.86171875 0.11796875 0.2765625
1 0.284375 0.59140625 0.10625 0.203125
1 0.26015625 0.23828125 0.05 0.096875
1 0.33671875 0.2828125 0.05078125 0.109375
1 0.47890625 0.29140625 0.05859375 0.10078125
4 0.1796875 0.49140625 0.0984375 0.196875
1 0.22734375 0.08359375 0.0390625 0.065625
1 0.43046875 0.14765625 0.03671875 0.06875
1 0.41015625 0.1015625 0.03203125 0.04921875
1 0.38984375 0.0609375 0.03046875 0.04921875
1 0.3875 0.025 0.02578125 0.03359375
4 0.37421875 0.01640625 0.0296875 0.03203125