1 0.26171875 0.72890625 0.10859375 0.23515625
1 0.49375 0.55703125 0.0703125 0.16640625
4 0.146875 0.6578125 0.11328125 0.2375
4 0.29140625 0.0390625 0.02265625 0.05078125
4 0.36015625 0.05 0.02734375 0.04140625
1 0.41875 0.20859375 0.0390625 0.0609375
1 0.45078125 0.2984375 0.04453125 0.07421875
1 0.22421875 0.43515625 0.071875 0.1328125
1 0.03125 0.96015625 0.0625 0.0796875
1 0.240625 0.15859375 0.03359375 0.06171875
1 0.328125 0.090625 0.01796875 0.040625
1 0.340625 0.13515625 0.03046875 0.028125
1 0.390625 0.140625 0.0265625 0.04921875
1 0.384375 0.10703125 0.02421875 0.0375
1 0.371875 0.0921875 0.02265625 0.04765625
1 0.3234375 0.0515625 0.01953125 0.03046875
1 0.31640625 0.01875 0.01328125 0.01796875
3 0.28984375 0.1328125 0.040625 0.07890625
0 0.33515625 0.25703125 0.07421875 0.215625