1 0.20390625 0.93359375 0.1328125 0.1328125
1 0.3171875 0.54765625 0.07890625 0.16796875
1 0.47421875 0.35859375 0.05546875 0.09609375
1 0.44453125 0.2515625 0.046875 0.08125
1 0.23984375 0.15625 0.03203125 0.0578125
1 0.33046875 0.084375 0.021875 0.0375
1 0.39140625 0.1203125 0.0265625 0.04296875
1 0.36015625 0.05703125 0.01484375 0.03203125
1 0.37109375 0.07109375 0.02109375 0.03046875
1 0.38125 0.09375 0.02578125 0.034375
1 0.290625 0.18125 0.0328125 0.05859375
1 0.27109375 0.28984375 0.04921875 0.08515625
1 0.3421875 0.3609375 0.046875 0.0921875
1 0.28984375 0.07734375 0.02109375 0.03671875
4 0.33984375 0.175 0.03828125 0.07421875
3 0.4078125 0.17265625 0.03984375 0.0703125
1 0.31484375 0.00546875 0.01328125 0.01015625
4 0.503125 0.509375 0.06953125 0.17265625