0 0.06171875 0.84140625 0.1234375 0.3140625
1 0.49609375 0.45625 0.06328125 0.14921875
1 0.31640625 0.50546875 0.0765625 0.153125
1 0.3375 0.353125 0.05390625 0.103125
1 0.28203125 0.2703125 0.046875 0.07578125
1 0.29453125 0.19140625 0.03359375 0.0625
1 0.346875 0.20234375 0.0359375 0.06484375
1 0.44609375 0.22734375 0.0453125 0.07578125
1 0.39765625 0.1171875 0.03125 0.04921875
1 0.33984375 0.13046875 0.028125 0.0515625
1 0.23984375 0.15859375 0.034375 0.0640625
1 0.296875 0.08125 0.02421875 0.0421875
1 0.33515625 0.07890625 0.02421875 0.04375
1 0.37734375 0.07109375 0.02578125 0.040625
1 0.3640625 0.02890625 0.021875 0.0328125
1 0.33125 0.03671875 0.01953125 0.03125
1 0.29765625 0.05390625 0.01875 0.028125
1 0.2953125 0.02734375 0.01875 0.02734375
1 0.32421875 0.0109375 0.0171875 0.021875