4 0.0546875 0.86640625 0.109375 0.26640625
1 0.7765625 0.86796875 0.12890625 0.2640625
1 0.4953125 0.8078125 0.08984375 0.2625
1 0.4859375 0.5078125 0.06640625 0.1640625
1 0.48203125 0.35 0.05546875 0.0984375
1 0.33203125 0.209375 0.034375 0.065625
1 0.23828125 0.15546875 0.034375 0.0578125
1 0.3265625 0.10625 0.02734375 0.04375
1 0.29140625 0.10234375 0.0234375 0.04296875
1 0.32890625 0.07109375 0.021875 0.0359375
1 0.32265625 0.0296875 0.01640625 0.0296875
1 0.29140625 0.04453125 0.01640625 0.0296875
1 0.29140625 0.01328125 0.0140625 0.021875