1 0.1984375 0.49609375 0.07109375 0.12734375
1 0.2265625 0.7296875 0.12265625 0.2390625
1 0.49453125 0.45078125 0.05859375 0.121875
1 0.44609375 0.25546875 0.0421875 0.0734375
1 0.3421875 0.25234375 0.0375 0.06875
1 0.32265625 0.3609375 0.053125 0.10546875
1 0.33515625 0.15625 0.03359375 0.05078125
1 0.23671875 0.1578125 0.03125 0.0578125
1 0.3828125 0.121875 0.03203125 0.04921875
1 0.35703125 0.0546875 0.01953125 0.03515625
1 0.3203125 0.04375 0.01875 0.0328125
1 0.29140625 0.0890625 0.02578125 0.03828125
1 0.2875 0.04296875 0.01796875 0.0296875