1 0.03671875 0.88828125 0.0734375 0.2234375
1 0.1515625 0.5078125 0.10546875 0.184375
1 0.465625 0.60703125 0.07890625 0.2046875
1 0.3203125 0.1984375 0.0375 0.0734375
1 0.20234375 0.1125 0.034375 0.06484375
1 0.25390625 0.07890625 0.028125 0.04609375
1 0.26328125 0.034375 0.02421875 0.04375
1 0.24140625 0.24140625 0.04765625 0.084375
1 0.378125 0.11015625 0.03359375 0.05390625
4 0.28984375 0.38515625 0.08125 0.2265625
4 0.24921875 0.146875 0.03828125 0.07578125
4 0.31171875 0.1390625 0.034375 0.06640625
4 0.31015625 0.09609375 0.0328125 0.05390625
2 0.28359375 0.11171875 0.01484375 0.05390625
2 0.22109375 0.3265625 0.02421875 0.090625
0 0.9515625 0.37421875 0.09609375 0.21953125
1 0.3046875 0.06171875 0.028125 0.0234375
1 0.3015625 0.0390625 0.025 0.028125
1 0.29296875 0.01171875 0.0203125 0.0234375
1 0.34609375 0.03984375 0.02734375 0.03125
1 0.33203125 0.0109375 0.0234375 0.021875
4 0.46796875 0.4375 0.07578125 0.18828125
3 0.4515625 0.2921875 0.08515625 0.178125