1 0.040625 0.896875 0.08125 0.20625
1 0.18125 0.9046875 0.15703125 0.18984375
1 0.5265625 0.9109375 0.1359375 0.178125
1 0.31796875 0.43984375 0.07578125 0.140625
1 0.47578125 0.42109375 0.06640625 0.1328125
1 0.44140625 0.2171875 0.046875 0.08125
1 0.33984375 0.121875 0.03046875 0.0515625
1 0.27890625 0.13203125 0.03515625 0.0515625
1 0.22578125 0.12109375 0.0375 0.06640625
1 0.328125 0.05859375 0.0265625 0.0453125
1 0.31796875 0.0109375 0.02265625 0.02109375
4 0.4 0.1140625 0.040625 0.0796875
4 0.24921875 0.28046875 0.07265625 0.1640625
4 0.27421875 0.18984375 0.0453125 0.090625
3 0.16796875 0.50390625 0.1625 0.278125