1 0.04375 0.91875 0.0875 0.1625
1 0.36328125 0.41015625 0.06484375 0.1515625
1 0.49296875 0.27421875 0.05546875 0.10078125
1 0.36953125 0.2515625 0.0484375 0.08828125
1 0.36875 0.18671875 0.04140625 0.0734375
1 0.43046875 0.13828125 0.02578125 0.05703125
1 0.4140625 0.08125 0.03046875 0.0484375
1 0.39921875 0.040625 0.02421875 0.040625
1 0.25234375 0.1078125 0.034375 0.0609375
1 0.50625 0.415625 0.06953125 0.1578125
1 0.35390625 0.07890625 0.03203125 0.053125
3 0.30546875 0.09140625 0.040625 0.11640625
1 0.3046875 0.04453125 0.0265625 0.0375
1 0.35 0.04140625 0.02578125 0.03515625
1 0.34921875 0.01484375 0.02109375 0.02890625
1 0.30625 0.00703125 0.02109375 0.01328125
3 0.34140625 0.009375 0.0296875 0.01796875
4 0.4578125 0.1671875 0.05390625 0.11171875
4 0.36328125 0.12734375 0.0359375 0.06875
4 0.30859375 0.63125 0.09765625 0.24296875