4 0.07734375 0.82578125 0.15390625 0.3421875
4 0.271875 0.67109375 0.1265625 0.2890625
4 0.490625 0.40546875 0.06875 0.1578125
4 0.34765625 0.1484375 0.04140625 0.09609375
4 0.33515625 0.06015625 0.021875 0.04453125
4 0.33046875 0.0328125 0.01796875 0.03125
1 0.2265625 0.428125 0.07578125 0.125
1 0.34375 0.39765625 0.0578125 0.1234375
1 0.35625 0.26171875 0.04140625 0.078125
1 0.29296875 0.23671875 0.0390625 0.0703125
1 0.2453125 0.14921875 0.034375 0.0640625
1 0.29453125 0.15546875 0.03359375 0.0609375
2 0.3015625 0.0890625 0.01015625 0.04296875
1 0.29921875 0.04921875 0.0203125 0.03671875
1 0.34375 0.090625 0.028125 0.0328125
1 0.35234375 0.00625 0.0171875 0.0125
4 0.29609375 0.01484375 0.02109375 0.02734375
1 0.3296875 0.01328125 0.01875 0.0234375
1 0.32265625 0.0046875 0.0171875 0.00859375
1 0.49765625 0.58984375 0.075 0.18515625
3 0.45 0.2234375 0.06796875 0.1265625