1 0.06015625 0.88828125 0.1203125 0.22109375
1 0.1921875 0.5265625 0.09765625 0.171875
1 0.48515625 0.61953125 0.0734375 0.190625
1 0.35 0.23828125 0.03515625 0.06796875
1 0.23984375 0.159375 0.03203125 0.0609375
1 0.28828125 0.12734375 0.0265625 0.04296875
1 0.296875 0.0859375 0.02265625 0.040625
1 0.2765625 0.27890625 0.04375 0.078125
1 0.403125 0.15625 0.03125 0.05078125
4 0.32109375 0.4125 0.07578125 0.2109375
4 0.28359375 0.190625 0.03515625 0.07109375
4 0.3421875 0.18359375 0.03203125 0.06171875
4 0.340625 0.14375 0.03046875 0.05078125
2 0.315625 0.1578125 0.01328125 0.05078125
2 0.2578125 0.3578125 0.02265625 0.084375
0 0.946875 0.403125 0.10625 0.2046875
1 0.3359375 0.11171875 0.0265625 0.02109375
1 0.3328125 0.090625 0.0234375 0.0265625
1 0.32578125 0.06015625 0.01953125 0.034375
1 0.3734375 0.09140625 0.02578125 0.02890625
1 0.3609375 0.0625 0.021875 0.0265625
1 0.3515625 0.040625 0.01875 0.025
4 0.31796875 0.01875 0.01640625 0.0328125
1 0.33984375 0.0125 0.01640625 0.02265625
4 0.4875 0.46171875 0.0703125 0.17578125
3 0.47265625 0.3265625 0.0796875 0.165625