1 0.83046875 0.85546875 0.146875 0.2890625
1 0.215625 0.91875 0.1375 0.1625
1 0.2265625 0.40859375 0.0875 0.16328125
1 0.3640625 0.3296875 0.059375 0.12890625
1 0.48046875 0.21953125 0.05234375 0.09375
1 0.36796875 0.209375 0.04453125 0.08671875
1 0.36640625 0.14375 0.03671875 0.06484375
1 0.42265625 0.090625 0.0234375 0.05703125
1 0.24453125 0.08203125 0.03515625 0.065625
1 0.40546875 0.0359375 0.02890625 0.04453125
1 0.38984375 0.0078125 0.0234375 0.015625
1 0.34375 0.01328125 0.02421875 0.02578125
3 0.30234375 0.025 0.0328125 0.04921875
4 0.3328125 0.459375 0.0765625 0.17890625
4 0.49921875 0.33828125 0.06328125 0.14375
4 0.44765625 0.1203125 0.05078125 0.1046875