1 0.503125 0.76171875 0.08515625 0.23984375
1 0.27890625 0.6828125 0.09765625 0.20390625
1 0.33828125 0.4625 0.0625 0.1265625
1 0.484375 0.41328125 0.0625 0.12265625
1 0.240625 0.39453125 0.06484375 0.12109375
1 0.3390625 0.334375 0.04609375 0.08828125
1 0.44453125 0.2546875 0.0421875 0.07421875
1 0.41640625 0.1984375 0.03515625 0.05234375
1 0.28046875 0.18515625 0.0328125 0.05546875
1 0.234375 0.15703125 0.03125 0.0578125
1 0.28515625 0.11484375 0.025 0.0390625
1 0.33515625 0.1375 0.0265625 0.04453125
1 0.32734375 0.10078125 0.02421875 0.03984375
1 0.36953125 0.078125 0.02265625 0.0375
1 0.31171875 0.003125 0.01484375 0.00546875
1 0.31484375 0.01484375 0.01484375 0.0203125
1 0.34140625 0.0140625 0.01484375 0.021875
1 0.28828125 0.01328125 0.01484375 0.01796875
1 0.34140625 0.21015625 0.03515625 0.06640625
4 0.384375 0.1296875 0.0296875 0.053125
4 0.3359375 0.25625 0.040625 0.08515625
4 0.3578125 0.0421875 0.02421875 0.0453125
4 0.32421875 0.06875 0.01953125 0.03359375
4 0.3203125 0.04296875 0.0203125 0.034375
3 0.17265625 0.93125 0.16484375 0.1375