1 0.06875 0.85078125 0.1375 0.2984375
1 0.51484375 0.48515625 0.07109375 0.1578125
1 0.4984375 0.33203125 0.05234375 0.11015625
1 0.34921875 0.16875 0.0390625 0.0671875
1 0.246875 0.11875 0.034375 0.06484375
1 0.4109375 0.0875 0.02890625 0.04921875
1 0.3953125 0.0578125 0.02734375 0.0484375
1 0.34765625 0.06015625 0.025 0.04609375
1 0.3 0.0515625 0.0265625 0.0453125
1 0.29921875 0.1 0.03203125 0.0515625
4 0.3421875 0.0203125 0.02421875 0.040625
4 0.4328125 0.12109375 0.0359375 0.07109375
4 0.2796875 0.275 0.05625 0.1125
2 0.32578125 0.09453125 0.015625 0.05234375
1 0.46171875 0.221875 0.05078125 0.08203125
1 0.153125 0.96328125 0.14375 0.0734375
3 0.38046875 0.025 0.028125 0.0484375