1 0.4953125 0.665625 0.0875 0.23984375
1 0.46328125 0.32578125 0.05078125 0.08828125
1 0.44140625 0.2484375 0.04140625 0.06796875
1 0.42578125 0.2078125 0.03515625 0.05703125
1 0.4046875 0.16171875 0.034375 0.05546875
1 0.34453125 0.23046875 0.0390625 0.06953125
1 0.23984375 0.1578125 0.0328125 0.0609375
1 0.36796875 0.07421875 0.01953125 0.034375
1 0.3546875 0.05234375 0.0203125 0.03515625
1 0.325 0.04296875 0.0171875 0.0296875
1 0.28984375 0.0140625 0.0171875 0.01796875
4 0.31796875 0.01953125 0.0171875 0.03125
1 0.3375 0.0078125 0.015625 0.015625
4 0.38359375 0.0953125 0.025 0.046875
4 0.86796875 0.5765625 0.12109375 0.2109375
1 0.4875 0.45 0.0609375 0.12578125
3 0.28984375 0.4859375 0.15625 0.425