0 0.87734375 0.49921875 0.2453125 0.3921875
1 0.25546875 0.36328125 0.0609375 0.1046875
1 0.41796875 0.1921875 0.0359375 0.06328125
1 0.35078125 0.29453125 0.04296875 0.07421875
1 0.48515625 0.6203125 0.07578125 0.190625
1 0.28515625 0.16328125 0.028125 0.0515625
1 0.23984375 0.15703125 0.03203125 0.059375
1 0.296875 0.11640625 0.02421875 0.04765625
1 0.334375 0.10859375 0.02734375 0.03515625
1 0.32734375 0.07421875 0.01953125 0.03046875
4 0.3171875 0.034375 0.0171875 0.034375
4 0.2859375 0.5796875 0.1109375 0.2953125
4 0.2765625 0.2453125 0.04140625 0.084375
4 0.34375 0.2109375 0.03515625 0.0734375
4 0.3421875 0.16640625 0.03203125 0.0609375
1 0.3390625 0.13046875 0.028125 0.0265625
1 0.3859375 0.11328125 0.02890625 0.040625
1 0.36875 0.08125 0.0234375 0.03671875
1 0.35859375 0.05859375 0.01953125 0.02890625
1 0.34375 0.02578125 0.01796875 0.02421875
2 0.315625 0.228125 0.015625 0.05703125
2 0.21796875 0.4765625 0.0328125 0.11484375
4 0.484375 0.4640625 0.075 0.1703125
3 0.47265625 0.32734375 0.08203125 0.165625
1 0.10625 0.73515625 0.1421875 0.25390625