1 0.9140625 0.51015625 0.10546875 0.16640625
1 0.49453125 0.76328125 0.0875 0.23828125
1 0.48515625 0.5046875 0.06484375 0.159375
1 0.4765625 0.3234375 0.04921875 0.09609375
1 0.3046875 0.46328125 0.06953125 0.14609375
1 0.23828125 0.1578125 0.03359375 0.0578125
1 0.32890625 0.1296875 0.0265625 0.04375
1 0.290625 0.0578125 0.01796875 0.0296875
1 0.321875 0.06484375 0.0203125 0.034375
1 0.3234375 0.0390625 0.01796875 0.02890625
1 0.3171875 0.0109375 0.015625 0.021875
1 0.2921875 0.01796875 0.0140625 0.02421875
4 0.25546875 0.33203125 0.05859375 0.1125