3 0.0734375 0.809375 0.146875 0.38125
1 0.47265625 0.53046875 0.07265625 0.17734375
1 0.2734375 0.62890625 0.09609375 0.2078125
1 0.3171875 0.14296875 0.03203125 0.06328125
1 0.38984375 0.15390625 0.03515625 0.0625
1 0.41015625 0.2125 0.03984375 0.06640625
1 0.25859375 0.03515625 0.02421875 0.028125
1 0.26328125 0.009375 0.01796875 0.01875
1 0.33125 0.0171875 0.015625 0.02890625
1 0.340625 0.03359375 0.0203125 0.028125
4 0.296875 0.02265625 0.0234375 0.04296875
3 0.36484375 0.10703125 0.0390625 0.0546875
4 0.45234375 0.29609375 0.05234375 0.11015625
1 0.359375 0.071875 0.02109375 0.0265625
1 0.35 0.053125 0.02578125 0.03203125
1 0.26015625 0.165625 0.03359375 0.0546875
1 0.309375 0.09296875 0.0265625 0.03671875
1 0.31953125 0.24765625 0.03984375 0.07734375
1 0.20859375 0.1375 0.03203125 0.06171875