4 0.32890625 0.3328125 0.0625 0.16328125
4 0.4609375 0.3203125 0.04765625 0.1
4 0.3265625 0.0765625 0.021875 0.04765625
1 0.49921875 0.85859375 0.1109375 0.28203125
1 0.31484375 0.259375 0.03359375 0.078125
1 0.2375 0.16015625 0.03359375 0.05625
1 0.29140625 0.165625 0.03203125 0.0578125
1 0.3953125 0.12578125 0.02890625 0.04453125
1 0.28984375 0.0625 0.01875 0.03203125
1 0.3625 0.0671875 0.021875 0.03515625
1 0.31484375 0.0046875 0.0140625 0.009375
1 0.33515625 0.003125 0.01171875 0.00546875
1 0.29140625 0.01015625 0.0140625 0.0171875