3 0.1 0.88203125 0.2 0.2359375
3 0.325 0.04765625 0.02109375 0.05
1 0.49609375 0.86796875 0.1 0.26328125
1 0.16875 0.5671875 0.10078125 0.178125
1 0.47265625 0.396875 0.05546875 0.10859375
1 0.33203125 0.32578125 0.0484375 0.0953125
1 0.2390625 0.159375 0.03359375 0.059375
1 0.29140625 0.059375 0.02109375 0.0359375
1 0.3609375 0.05 0.0203125 0.0296875
1 0.35 0.02578125 0.015625 0.02578125
1 0.33984375 0.00703125 0.0140625 0.0140625
1 0.31875 0.02265625 0.015625 0.0265625
1 0.29296875 0.01796875 0.01484375 0.02265625
1 0.3140625 0.00625 0.01328125 0.01171875
4 0.2859375 0.18046875 0.040625 0.10078125