1 0.50546875 0.67734375 0.08203125 0.20703125
1 0.4890625 0.4421875 0.05546875 0.12734375
1 0.3453125 0.28828125 0.04609375 0.07890625
1 0.43515625 0.21796875 0.0390625 0.06875
1 0.415625 0.17421875 0.0375 0.0640625
1 0.4046875 0.1390625 0.028125 0.0546875
1 0.34609375 0.1671875 0.0328125 0.05703125
1 0.2421875 0.15234375 0.03359375 0.059375
1 0.36953125 0.0578125 0.021875 0.0375
1 0.35703125 0.028125 0.01875 0.0328125
1 0.3484375 0.01015625 0.0171875 0.0203125
3 0.32265625 0.01875 0.02734375 0.0375
4 0.29375 0.6046875 0.09296875 0.22421875
4 0.178125 0.53984375 0.1109375 0.2140625
4 0.4828125 0.3328125 0.05625 0.1265625
4 0.4609375 0.27109375 0.0453125 0.09921875