4 0.128125 0.8328125 0.22578125 0.334375
4 0.0875 0.61484375 0.134375 0.26328125
4 0.25390625 0.4953125 0.1015625 0.21953125
4 0.4328125 0.33046875 0.0671875 0.146875
4 0.29140625 0.08671875 0.03984375 0.09609375
1 0.24140625 0.15546875 0.03359375 0.0625
1 0.45078125 0.4875 0.06484375 0.1625
4 0.4734375 0.8453125 0.1203125 0.30859375
1 0.29609375 0.30234375 0.0515625 0.1046875
1 0.303125 0.20703125 0.04296875 0.0796875
1 0.23984375 0.08125 0.03046875 0.05
1 0.1875 0.11328125 0.034375 0.0625
1 0.2859375 0.03125 0.021875 0.03125
1 0.2015625 0.31015625 0.05859375 0.1125
1 0.27578125 0.009375 0.0203125 0.01875
2 0.2453125 0.0171875 0.01015625 0.03359375
2 0.15625 0.6203125 0.0546875 0.11640625
3 0.3984375 0.178125 0.0671875 0.13046875