1 0.265625 0.71875 0.11640625 0.25234375
1 0.515625 0.534375 0.07578125 0.17890625
4 0.14296875 0.64296875 0.121875 0.25546875
4 0.37109375 0.00546875 0.0296875 0.01015625
1 0.434375 0.159375 0.0421875 0.06484375
1 0.46875 0.25703125 0.04765625 0.0796875
1 0.22578125 0.403125 0.07734375 0.1421875
1 0.02578125 0.9609375 0.0515625 0.075
1 0.24296875 0.10625 0.0359375 0.06640625
1 0.33671875 0.03359375 0.01875 0.04375
1 0.35078125 0.08125 0.0328125 0.0296875
1 0.40390625 0.08671875 0.028125 0.053125
1 0.39765625 0.05078125 0.02578125 0.040625
1 0.384375 0.03515625 0.02421875 0.0515625
1 0.33203125 0.00390625 0.02109375 0.0078125
3 0.29609375 0.078125 0.04375 0.084375
0 0.34453125 0.2125 0.08046875 0.23125