3 0.19296875 0.8921875 0.203125 0.215625
1 0.9078125 0.65 0.13046875 0.23359375
1 0.52109375 0.5796875 0.07265625 0.1703125
1 0.30859375 0.65390625 0.090625 0.19140625
1 0.146875 0.66875 0.125 0.21015625
1 0.36171875 0.44296875 0.0640625 0.12734375
1 0.4890625 0.33515625 0.05625 0.09140625
1 0.3609375 0.31875 0.0453125 0.0875
1 0.29453125 0.246875 0.03984375 0.078125
1 0.2484375 0.15234375 0.0328125 0.0609375
1 0.4515625 0.21328125 0.040625 0.0671875
1 0.43046875 0.16875 0.03125 0.053125
1 0.35859375 0.18515625 0.03671875 0.065625
1 0.29921875 0.115625 0.02890625 0.0453125
1 0.303125 0.065625 0.021875 0.03515625
1 0.35 0.109375 0.0265625 0.04609375
1 0.384375 0.0546875 0.021875 0.03671875
1 0.34453125 0.07265625 0.021875 0.0390625
4 0.3578125 0.2328125 0.03828125 0.08125
4 0.3953125 0.10234375 0.02734375 0.04921875
4 0.37109375 0.0203125 0.0234375 0.040625
4 0.33984375 0.0359375 0.01953125 0.0359375
1 0.3375 0.01328125 0.01640625 0.0265625