1 0.25078125 0.73515625 0.11953125 0.25625
1 0.3453125 0.20859375 0.034375 0.0609375
1 0.4875 0.6921875 0.084375 0.23203125
1 0.88125 0.5515625 0.12109375 0.171875
1 0.4828125 0.4390625 0.06171875 0.14296875
1 0.3390625 0.33203125 0.04609375 0.08828125
1 0.2421875 0.3859375 0.0703125 0.1328125
1 0.23984375 0.15625 0.03125 0.0609375
1 0.29453125 0.10078125 0.025 0.040625
1 0.3375 0.1453125 0.0296875 0.05078125
1 0.3953125 0.13359375 0.02890625 0.04453125
1 0.3671875 0.0640625 0.0203125 0.03125
1 0.34609375 0.0234375 0.01640625 0.0265625
1 0.45546875 0.29453125 0.0515625 0.084375
1 0.2765625 0.26796875 0.046875 0.0734375
1 0.28671875 0.1875 0.03515625 0.05703125
1 0.328125 0.07265625 0.01953125 0.03671875
3 0.31953125 0.02109375 0.02578125 0.04140625