1 0.54375 0.94609375 0.115625 0.1078125
1 0.51328125 0.48359375 0.0703125 0.15078125
1 0.490625 0.30234375 0.05703125 0.09375
1 0.3515625 0.25546875 0.0453125 0.078125
1 0.4640625 0.21875 0.04296875 0.07109375
1 0.4390625 0.1578125 0.0421875 0.071875
1 0.30078125 0.0984375 0.03203125 0.06015625
1 0.2484375 0.115625 0.03671875 0.0625
1 0.33046875 0.00625 0.02109375 0.01171875
1 0.38671875 0.03984375 0.02578125 0.040625
1 0.4015625 0.06875 0.02421875 0.04296875
4 0.30546875 0.02734375 0.02578125 0.04375
1 0.3671875 0.00859375 0.025 0.0171875
4 0.35 0.12890625 0.0375 0.075
4 0.4203125 0.08984375 0.03515625 0.05859375