1 0.48125 0.4421875 0.0640625 0.13125
0 0.275 0.19765625 0.06328125 0.18125
1 0.23984375 0.1578125 0.03203125 0.059375
1 0.4015625 0.14921875 0.03203125 0.053125
1 0.33046875 0.090625 0.021875 0.040625
1 0.29140625 0.0734375 0.0203125 0.03515625
1 0.290625 0.04296875 0.015625 0.02734375
1 0.32109375 0.06953125 0.01953125 0.03203125
1 0.3640625 0.06171875 0.02265625 0.0359375
1 0.32265625 0.040625 0.0171875 0.02421875
1 0.34609375 0.0203125 0.015625 0.02421875
1 0.31640625 0.01953125 0.01484375 0.021875
4 0.3359375 0.00703125 0.01328125 0.0140625
1 0.3140625 0.0046875 0.01328125 0.00859375