0 0.88515625 0.4875 0.2296875 0.40703125
1 0.2484375 0.3453125 0.0640625 0.109375
1 0.41796875 0.1671875 0.0375 0.065625
1 0.34765625 0.27421875 0.04453125 0.078125
1 0.48828125 0.6140625 0.0796875 0.19921875
1 0.2796875 0.1375 0.0296875 0.05390625
1 0.23125 0.13046875 0.03359375 0.06171875
1 0.29140625 0.0875 0.025 0.05
1 0.33046875 0.0796875 0.028125 0.03671875
1 0.3234375 0.04453125 0.02109375 0.03125
4 0.3125 0.01015625 0.01796875 0.0203125
4 0.2796875 0.57109375 0.115625 0.30859375
4 0.26953125 0.22265625 0.04296875 0.08828125
4 0.340625 0.18671875 0.03671875 0.0765625
4 0.33828125 0.140625 0.03359375 0.06328125
1 0.33515625 0.103125 0.0296875 0.02734375
1 0.384375 0.08515625 0.03046875 0.0421875
1 0.36640625 0.0515625 0.02421875 0.03828125
1 0.35546875 0.028125 0.0203125 0.03046875
1 0.33984375 0.003125 0.01796875 0.00546875
2 0.31015625 0.2046875 0.01640625 0.059375
2 0.20859375 0.4640625 0.034375 0.11953125
4 0.48671875 0.45078125 0.07890625 0.178125
3 0.47421875 0.30859375 0.0859375 0.17265625
1 0.0921875 0.734375 0.1484375 0.26484375