1 0.4828125 0.58125 0.0703125 0.171875
1 0.165625 0.5734375 0.10234375 0.1953125
1 0.44921875 0.28515625 0.046875 0.09140625
1 0.33046875 0.26875 0.0390625 0.071875
1 0.36484375 0.09296875 0.025 0.04296875
1 0.315625 0.06953125 0.02109375 0.0375
1 0.22578125 0.15703125 0.034375 0.0625
1 0.2796875 0.02578125 0.01796875 0.025
1 0.31015625 0.0296875 0.01796875 0.02890625
1 0.33828125 0.0234375 0.01953125 0.0328125
4 0.27734375 0.1703125 0.03671875 0.0703125
4 0.40546875 0.17890625 0.03515625 0.0625
3 0.2859375 0.4546875 0.103125 0.265625