1 0.04921875 0.80625 0.0984375 0.278125
1 0.23984375 0.79375 0.1203125 0.2890625
1 0.30390625 0.409375 0.0578125 0.12265625
1 0.2390625 0.24140625 0.0453125 0.08046875
1 0.19140625 0.140625 0.03359375 0.06328125
1 0.246875 0.11171875 0.02890625 0.05546875
1 0.3015625 0.12421875 0.02890625 0.03046875
1 0.46171875 0.6515625 0.0765625 0.2140625
1 0.25078125 0.01328125 0.01484375 0.02578125
1 0.30625 0.0046875 0.0171875 0.009375
1 0.28359375 0.01640625 0.02109375 0.03046875
4 0.296875 0.09140625 0.02734375 0.05234375
4 0.28984375 0.06640625 0.02890625 0.046875
4 0.2453125 0.0546875 0.02265625 0.05078125
4 0.303125 0.1984375 0.0484375 0.11484375
4 0.4609375 0.475 0.07734375 0.190625
4 0.7671875 0.846875 0.1421875 0.30546875
2 0.25234375 0.1578125 0.0171875 0.05703125
2 0.26640625 0.0140625 0.0078125 0.02734375
1 0.2125 0.38203125 0.0703125 0.1171875
3 0.43125 0.27578125 0.08125 0.15859375
1 0.325 0.028125 0.02265625 0.034375