1 0.2671875 0.78671875 0.11640625 0.275
1 0.24296875 0.3953125 0.07109375 0.1234375
1 0.34609375 0.20234375 0.0359375 0.05390625
1 0.38984375 0.11640625 0.02734375 0.04453125
1 0.290625 0.096875 0.02421875 0.03671875
1 0.29453125 0.05859375 0.01953125 0.03671875
1 0.32421875 0.05 0.01875 0.02890625
4 0.32890625 0.075 0.025 0.034375
4 0.3375 0.121875 0.02890625 0.04453125
4 0.3390625 0.153125 0.0328125 0.05390625
4 0.28671875 0.14453125 0.03046875 0.059375
4 0.48671875 0.46015625 0.071875 0.16796875
1 0.48671875 0.61796875 0.0765625 0.1828125
3 0.47265625 0.32734375 0.078125 0.16640625
1 0.28515625 0.21875 0.0390625 0.07109375
1 0.23984375 0.15703125 0.03203125 0.05703125
1 0.36328125 0.0671875 0.021875 0.0328125
1 0.35390625 0.0421875 0.01796875 0.0265625
1 0.34375 0.02265625 0.0171875 0.025
1 0.3140625 0.00703125 0.01484375 0.0140625
1 0.334375 0.00546875 0.0125 0.0109375
2 0.2828125 0.28125 0.01953125 0.07109375
2 0.3125 0.10234375 0.0109375 0.040625
4 0.33828125 0.31640625 0.0578125 0.153125
1 0.15 0.659375 0.12265625 0.20703125