1 0.27421875 0.61484375 0.1 0.209375
1 0.5078125 0.88984375 0.11796875 0.2203125
1 0.47890625 0.446875 0.06171875 0.146875
1 0.325 0.31875 0.05078125 0.0953125
1 0.44453125 0.27578125 0.04609375 0.0796875
1 0.27265625 0.2265625 0.04296875 0.07734375
1 0.39453125 0.1359375 0.03203125 0.0578125
1 0.28046875 0.1328125 0.03125 0.053125
1 0.225 0.13984375 0.0359375 0.06015625
1 0.3609375 0.05546875 0.02421875 0.04296875
1 0.3375 0.0109375 0.0171875 0.021875
1 0.28046875 0.025 0.021875 0.03203125
3 0.328125 0.1125 0.03828125 0.10703125