1 0.48671875 0.67890625 0.0890625 0.228125
1 0.4140625 0.21171875 0.04140625 0.071875
1 0.31640625 0.146875 0.028125 0.0546875
1 0.3625 0.09296875 0.028125 0.0453125
1 0.30546875 0.1109375 0.02734375 0.0421875
1 0.2671875 0.10546875 0.0234375 0.04375
1 0.2125 0.153125 0.034375 0.05703125
1 0.2671875 0.06484375 0.02109375 0.034375
1 0.30546875 0.06640625 0.02109375 0.03828125
1 0.334375 0.03515625 0.02109375 0.03359375
1 0.2984375 0.034375 0.02109375 0.028125
1 0.29453125 0.009375 0.01640625 0.01875
1 0.32109375 0.01015625 0.01796875 0.0203125
4 0.26484375 0.0109375 0.021875 0.021875
0 0.2109375 0.33359375 0.14296875 0.3203125