1 0.2921875 0.61171875 0.09296875 0.190625
1 0.49453125 0.53125 0.06953125 0.16171875
1 0.478125 0.39140625 0.05703125 0.10625
1 0.4546875 0.28359375 0.04609375 0.078125
1 0.43125 0.2234375 0.0359375 0.05703125
1 0.4109375 0.1765625 0.034375 0.05390625
1 0.33671875 0.1140625 0.02421875 0.04296875
1 0.2390625 0.1578125 0.0296875 0.059375
1 0.3796875 0.1 0.02421875 0.03984375
1 0.290625 0.05546875 0.0203125 0.034375
1 0.3453125 0.02734375 0.0203125 0.0328125
1 0.31328125 0.009375 0.01640625 0.01875
4 0.29375 0.0265625 0.01796875 0.025
4 0.3265625 0.06953125 0.02421875 0.04375
4 0.39609375 0.12265625 0.02890625 0.0546875
1 0.36484375 0.0734375 0.021875 0.03828125