1 0.49140625 0.5953125 0.07734375 0.184375
1 0.14765625 0.64375 0.11640625 0.225
1 0.45078125 0.3328125 0.04921875 0.0984375
1 0.3234375 0.34296875 0.05078125 0.10390625
1 0.4109375 0.21796875 0.0375 0.06171875
1 0.3265625 0.21171875 0.0359375 0.06328125
1 0.36640625 0.10703125 0.028125 0.04921875
1 0.275 0.1359375 0.0296875 0.053125
1 0.2171875 0.16640625 0.034375 0.0609375
1 0.275 0.0859375 0.0234375 0.0375
1 0.3390625 0.0421875 0.01875 0.03359375
1 0.321875 0.0109375 0.0171875 0.021875
1 0.2734375 0.01640625 0.0171875 0.028125
3 0.3125 0.08359375 0.0296875 0.078125