1 0.44921875 0.33359375 0.053125 0.09765625
1 0.328125 0.18671875 0.0390625 0.06328125
1 0.31875 0.12890625 0.0328125 0.05078125
1 0.3078125 0.06796875 0.02578125 0.046875
1 0.30390625 0.03984375 0.01953125 0.02109375
1 0.3015625 0.0171875 0.01953125 0.02734375
1 0.3453125 0.04140625 0.01953125 0.03203125
1 0.3296875 0.00859375 0.01796875 0.01640625
1 0.26953125 0.0125 0.01875 0.02421875
1 0.184375 0.45625 0.08046875 0.13828125
1 0.29765625 0.61640625 0.08984375 0.18671875
1 0.4828125 0.50859375 0.06875 0.15859375
1 0.31484375 0.43828125 0.059375 0.1296875
1 0.21015625 0.14375 0.034375 0.065625
4 0.315625 0.3125 0.0484375 0.10859375
4 0.3640625 0.06328125 0.03203125 0.06328125
4 0.40234375 0.19453125 0.04296875 0.078125
1 0.32890625 0.2515625 0.0453125 0.08828125
1 0.3796875 0.125 0.0359375 0.05703125
1 0.26953125 0.046875 0.025 0.034375
1 0.26640625 0.13203125 0.03125 0.053125
1 0.18359375 0.92109375 0.1484375 0.1578125
1 0.02109375 0.93828125 0.0421875 0.1234375