1 0.07890625 0.8703125 0.1578125 0.259375
1 0.31484375 0.73046875 0.09921875 0.234375
1 0.4671875 0.2640625 0.04453125 0.07578125
4 0.1953125 0.55703125 0.096875 0.18984375
4 0.3546875 0.38203125 0.05859375 0.12578125
4 0.5171875 0.4875 0.075 0.18359375
4 0.36875 0.271875 0.0421875 0.1
3 0.49921875 0.34296875 0.08125 0.16328125
1 0.515625 0.6609375 0.08046875 0.20390625
1 0.88125 0.73984375 0.12265625 0.2296875
1 0.43671875 0.19140625 0.0328125 0.05546875
1 0.36640625 0.2015625 0.0390625 0.0609375
1 0.36328125 0.16328125 0.0359375 0.0421875
1 0.3546875 0.128125 0.02734375 0.0390625
1 0.303125 0.271875 0.04375 0.0859375
1 0.26640625 0.3703125 0.05546875 0.096875
1 0.2546875 0.165625 0.0359375 0.0671875
1 0.41640625 0.14765625 0.0328125 0.05390625
1 0.4 0.11328125 0.02890625 0.046875
1 0.371875 0.06640625 0.01875 0.03359375
1 0.37265625 0.02421875 0.01796875 0.03125
1 0.359375 0.009375 0.015625 0.01875
4 0.309375 0.1578125 0.03046875 0.0609375
0 0.3359375 0.021875 0.028125 0.04296875