1 0.32578125 0.390625 0.05625 0.10703125
1 0.27109375 0.30390625 0.04765625 0.078125
1 0.240625 0.15546875 0.03125 0.05546875
1 0.33515625 0.12265625 0.028125 0.04296875
1 0.29140625 0.10546875 0.02578125 0.040625
1 0.34765625 0.025 0.015625 0.0265625
1 0.29296875 0.021875 0.015625 0.02265625
1 0.3140625 0.0078125 0.01328125 0.015625
1 0.3375 0.0078125 0.0140625 0.015625
4 0.21015625 0.47421875 0.0875 0.17578125
4 0.49140625 0.61953125 0.08671875 0.26953125
4 0.07890625 0.80546875 0.1578125 0.3890625
1 0.2203125 0.88125 0.1390625 0.2375