4 0.0796875 0.84375 0.159375 0.309375
4 0.2921875 0.20078125 0.0515625 0.11796875
4 0.30234375 0.10625 0.0328125 0.05859375
4 0.3875 0.05546875 0.0296875 0.0515625
1 0.30390625 0.67578125 0.1015625 0.22421875
1 0.4234375 0.16953125 0.0375 0.05703125
1 0.35390625 0.16328125 0.03671875 0.0609375
1 0.1859375 0.55078125 0.1 0.1734375
1 0.54609375 0.77734375 0.10234375 0.28125
1 0.4984375 0.3796875 0.05703125 0.11640625
1 0.3546875 0.28828125 0.0453125 0.08984375
1 0.46484375 0.240625 0.0515625 0.08359375
1 0.4046875 0.0984375 0.02578125 0.0421875
1 0.25 0.13984375 0.03515625 0.0625
1 0.303125 0.04609375 0.02265625 0.03046875
1 0.3453125 0.05 0.021875 0.03046875
1 0.33671875 0.02734375 0.01875 0.0328125
1 0.33359375 0.00546875 0.0171875 0.0109375
3 0.2625 0.34453125 0.096875 0.18125