1 0.47734375 0.57578125 0.071875 0.17578125
1 0.15390625 0.56796875 0.1046875 0.2
1 0.44296875 0.27265625 0.0484375 0.09375
1 0.321875 0.25625 0.03984375 0.07421875
1 0.35703125 0.07578125 0.02578125 0.04375
1 0.30625 0.05234375 0.021875 0.03828125
1 0.21484375 0.14140625 0.03515625 0.06328125
1 0.26953125 0.009375 0.01875 0.01875
1 0.30078125 0.0125 0.01796875 0.025
1 0.3296875 0.01015625 0.01875 0.0203125
4 0.26796875 0.15546875 0.0375 0.071875
4 0.3984375 0.1640625 0.0359375 0.0640625
3 0.2765625 0.446875 0.10546875 0.271875