1 0.7671875 0.7796875 0.1328125 0.2765625
1 0.13359375 0.67265625 0.13515625 0.24375
1 0.49453125 0.74609375 0.08515625 0.23203125
1 0.4859375 0.503125 0.065625 0.1625
1 0.465625 0.28203125 0.05078125 0.0796875
1 0.3390625 0.18515625 0.034375 0.06171875
1 0.2390625 0.15859375 0.03203125 0.05703125
1 0.32421875 0.07890625 0.02109375 0.034375
1 0.3171875 0.03671875 0.01640625 0.02890625
1 0.29140625 0.0265625 0.01484375 0.02578125
1 0.31875 0.01796875 0.015625 0.025
4 0.2890625 0.16875 0.03359375 0.065625