3 0.47109375 0.328125 0.0796875 0.16640625
0 0.31875 0.03203125 0.03125 0.0640625
4 0.1265625 0.659375 0.12421875 0.2375
4 0.31640625 0.46484375 0.06640625 0.15390625
4 0.48671875 0.465625 0.07265625 0.17265625
4 0.34765625 0.31171875 0.05 0.11328125
1 0.02265625 0.97578125 0.0453125 0.0484375
1 0.2265625 0.93125 0.12421875 0.1375
1 0.48359375 0.62265625 0.0765625 0.1921875
1 0.22890625 0.42109375 0.06484375 0.11484375
1 0.2703125 0.32890625 0.053125 0.096875
1 0.34765625 0.221875 0.03828125 0.06328125
1 0.41484375 0.1921875 0.03046875 0.05390625
1 0.39921875 0.15859375 0.03125 0.0515625
1 0.38125 0.1234375 0.02578125 0.040625
1 0.3453125 0.17109375 0.03125 0.05390625
1 0.33671875 0.13984375 0.02734375 0.0453125
1 0.34765625 0.0859375 0.01953125 0.0375
1 0.240625 0.159375 0.034375 0.06171875
1 0.35625 0.040625 0.01953125 0.03515625
1 0.34375 0.0234375 0.0125 0.02421875
1 0.9546875 0.4484375 0.08984375 0.11875
1 0.33984375 0.00703125 0.015625 0.0140625
4 0.2828125 0.2234375 0.03671875 0.078125
1 0.440625 0.2546875 0.04296875 0.0734375