1 0.30078125 0.60859375 0.0890625 0.1765625
1 0.34375 0.36953125 0.05078125 0.109375
1 0.45859375 0.3 0.046875 0.08515625
1 0.43125 0.21484375 0.03984375 0.06328125
1 0.2390625 0.1578125 0.034375 0.0625
1 0.2921875 0.04375 0.01796875 0.03046875
1 0.32265625 0.0453125 0.01875 0.02890625
1 0.359375 0.0546875 0.015625 0.03125
1 0.36953125 0.06875 0.01953125 0.028125
1 0.37890625 0.0875 0.02734375 0.034375
1 0.3859375 0.1109375 0.025 0.03515625
1 0.29296875 0.11171875 0.025 0.03984375
1 0.28671875 0.17265625 0.03203125 0.05546875
1 0.346875 0.24765625 0.03671875 0.06484375
1 0.13984375 0.68671875 0.121875 0.2109375
4 0.49453125 0.42421875 0.0578125 0.14375
3 0.4 0.15546875 0.040625 0.059375
4 0.33359375 0.121875 0.03203125 0.06015625