0 0.05390625 0.84140625 0.1078125 0.3171875
1 0.4765625 0.45625 0.0625 0.1484375
1 0.2984375 0.50546875 0.07578125 0.15234375
1 0.31953125 0.35390625 0.05390625 0.10234375
1 0.2640625 0.271875 0.04609375 0.07578125
1 0.2765625 0.19375 0.03359375 0.06171875
1 0.328125 0.2046875 0.0359375 0.06484375
1 0.42734375 0.22890625 0.04453125 0.07578125
1 0.37890625 0.11953125 0.03125 0.0484375
1 0.321875 0.1328125 0.028125 0.0515625
1 0.22265625 0.16015625 0.034375 0.06328125
1 0.27890625 0.08359375 0.02421875 0.0421875
1 0.3171875 0.08125 0.02421875 0.04296875
1 0.359375 0.0734375 0.02578125 0.040625
1 0.34609375 0.03203125 0.021875 0.03203125
1 0.3125 0.0390625 0.01953125 0.03125
1 0.2796875 0.05703125 0.01875 0.028125
1 0.27734375 0.03046875 0.01875 0.02734375
1 0.30703125 0.0140625 0.01640625 0.02421875