1 0.3125 0.5578125 0.0734375 0.15625
1 0.46640625 0.3375 0.04453125 0.0875
1 0.27890625 0.26015625 0.0390625 0.07109375
1 0.3453125 0.24140625 0.03671875 0.0671875
1 0.33828125 0.13671875 0.02734375 0.04453125
1 0.39296875 0.1265625 0.028125 0.0453125
1 0.41015625 0.16484375 0.0328125 0.05078125
1 0.29296875 0.109375 0.0234375 0.04296875
1 0.2921875 0.04765625 0.01640625 0.0296875
1 0.36171875 0.06796875 0.0234375 0.04140625
1 0.325 0.059375 0.01953125 0.034375
1 0.32421875 0.03046875 0.01640625 0.02265625
1 0.3546875 0.03515625 0.01953125 0.028125
1 0.2921875 0.02265625 0.01640625 0.02421875
4 0.34453125 0.0125 0.01796875 0.025
3 0.5015625 0.70390625 0.0984375 0.28359375
3 0.221875 0.81953125 0.17109375 0.3609375
4 0.15703125 0.57265625 0.1265625 0.2578125
1 0.23984375 0.1578125 0.02890625 0.0578125
1 0.35078125 0.34921875 0.05 0.08984375
1 0.4328125 0.2265625 0.0421875 0.06328125
1 0.3171875 0.00859375 0.015625 0.0171875