4 0.0546875 0.88125 0.10859375 0.2375
1 0.81171875 0.8828125 0.1359375 0.234375
1 0.515625 0.84140625 0.0953125 0.27734375
1 0.50546875 0.52421875 0.0703125 0.1734375
1 0.5015625 0.3578125 0.05859375 0.10390625
1 0.34296875 0.209375 0.0359375 0.06953125
1 0.2453125 0.15234375 0.0359375 0.0609375
1 0.3375 0.10078125 0.02890625 0.04609375
1 0.30078125 0.09609375 0.02421875 0.04609375
1 0.340625 0.06328125 0.02265625 0.03828125
1 0.33359375 0.0203125 0.0171875 0.03125
1 0.30078125 0.0359375 0.0171875 0.03125
1 0.29921875 0.00625 0.0140625 0.0125