1 0.053125 0.90546875 0.10546875 0.1890625
1 0.2078125 0.95703125 0.1234375 0.0859375
1 0.50546875 0.584375 0.0734375 0.1765625
1 0.47265625 0.34296875 0.0515625 0.10703125
1 0.328125 0.41328125 0.059375 0.1296875
1 0.34296875 0.24140625 0.0390625 0.07578125
1 0.4234375 0.2390625 0.040625 0.0671875
3 0.23515625 0.3859375 0.10546875 0.1890625
4 0.275 0.24375 0.05390625 0.12109375
4 0.2875 0.16015625 0.03359375 0.06484375
4 0.37734375 0.09296875 0.02890625 0.0578125
1 0.2390625 0.15625 0.03203125 0.05546875
1 0.396875 0.14609375 0.02890625 0.0515625
1 0.290625 0.103125 0.0234375 0.03984375
1 0.334375 0.09140625 0.02265625 0.0359375
1 0.325 0.0609375 0.01796875 0.03046875
1 0.32109375 0.03203125 0.01875 0.0296875