1 0.2625 0.74765625 0.1203125 0.271875
1 0.3015625 0.38984375 0.0546875 0.11484375
4 0.48046875 0.3921875 0.05859375 0.13828125
1 0.2875 0.178125 0.034375 0.0703125
1 0.40390625 0.15078125 0.03359375 0.06015625
1 0.2375 0.1484375 0.03125 0.05859375
1 0.3171875 0.021875 0.01953125 0.02578125
1 0.31328125 0.00390625 0.0171875 0.0078125
4 0.29140625 0.0375 0.02109375 0.03828125
4 0.328125 0.06875 0.028125 0.05234375
4 0.34140625 0.21015625 0.04921875 0.12890625
4 0.37265625 0.06875 0.0265625 0.046875
3 0.3515625 0.0203125 0.02734375 0.040625
3 0.12578125 0.67578125 0.2515625 0.64296875