1 0.325 0.48828125 0.06640625 0.1296875
1 0.43828125 0.23671875 0.04140625 0.0671875
1 0.3375 0.15546875 0.0265625 0.05
1 0.2390625 0.15859375 0.0328125 0.05703125
1 0.32890625 0.06796875 0.0203125 0.0375
1 0.3765625 0.09375 0.021875 0.03515625
1 0.29453125 0.0453125 0.01875 0.02890625
1 0.3484375 0.0359375 0.01953125 0.028125
1 0.34375 0.01171875 0.01640625 0.021875
1 0.31796875 0.01640625 0.01484375 0.0203125
1 0.28828125 0.12421875 0.02578125 0.04453125
1 0.33671875 0.10625 0.02578125 0.03984375
1 0.50234375 0.86328125 0.10625 0.2734375
3 0.25703125 0.6953125 0.13828125 0.30703125
3 0.47421875 0.371875 0.0671875 0.13984375
4 0.28125 0.2234375 0.04765625 0.1015625
1 0.4140625 0.17578125 0.03359375 0.04921875
1 0.34921875 0.23984375 0.03828125 0.06484375
1 0.39375 0.125 0.0265625 0.04140625
1 0.31484375 0.00390625 0.0140625 0.0078125