1 0.0578125 0.87734375 0.115625 0.2453125
1 0.490625 0.565625 0.075 0.184375
1 0.45390625 0.2921875 0.04609375 0.08203125
1 0.43359375 0.2296875 0.04140625 0.065625
1 0.4171875 0.17890625 0.03203125 0.053125
1 0.39140625 0.1234375 0.02734375 0.0453125
1 0.328125 0.09609375 0.02265625 0.03515625
1 0.240625 0.16015625 0.03359375 0.0578125
1 0.35390625 0.0421875 0.01640625 0.02890625
1 0.34375 0.02578125 0.0171875 0.02890625
1 0.3140625 0.00625 0.01484375 0.0125
4 0.36640625 0.059375 0.0203125 0.04453125
1 0.315625 0.53984375 0.071875 0.15390625
1 0.47578125 0.375 0.05625 0.10234375
3 0.3421875 0.1765625 0.05390625 0.13359375