1 0.4984375 0.27578125 0.053125 0.09765625
1 0.37734375 0.1296875 0.03828125 0.06328125
1 0.36875 0.071875 0.03203125 0.05
1 0.35703125 0.0171875 0.02578125 0.034375
1 0.23515625 0.39765625 0.0796875 0.1375
1 0.346875 0.55625 0.08984375 0.18515625
1 0.53125 0.45 0.06796875 0.1578125
1 0.3640625 0.3796875 0.059375 0.12890625
1 0.26015625 0.08671875 0.03359375 0.06484375
4 0.365625 0.2546875 0.04765625 0.1078125
4 0.41328125 0.01875 0.03125 0.0375
4 0.4515625 0.1375 0.04296875 0.078125
1 0.378125 0.19453125 0.04453125 0.08828125
1 0.42890625 0.06796875 0.0359375 0.05625
1 0.31875 0.00390625 0.02421875 0.0078125
1 0.31640625 0.07578125 0.03046875 0.053125
1 0.23359375 0.890625 0.14765625 0.21875
1 0.046875 0.9078125 0.09296875 0.184375