3 0.453125 0.409375 0.1109375 0.253125
1 0.06640625 0.72265625 0.13203125 0.2828125
1 0.22578125 0.69921875 0.12109375 0.28515625
1 0.28671875 0.36796875 0.06171875 0.125
1 0.29921875 0.20703125 0.0390625 0.07890625
1 0.2328125 0.16796875 0.040625 0.06796875
1 0.38046875 0.13671875 0.03671875 0.053125
1 0.3640625 0.1 0.0359375 0.05390625
1 0.34765625 0.06796875 0.02578125 0.0515625
1 0.34140625 0.03359375 0.02734375 0.04609375
1 0.3296875 0.02109375 0.02109375 0.0375
1 0.3265625 0.0046875 0.0203125 0.009375
4 0.1671875 0.42109375 0.08203125 0.1734375
4 0.46796875 0.81328125 0.13203125 0.3734375
1 0.4234375 0.246875 0.05078125 0.0890625
0 0.28984375 0.059375 0.0515625 0.11875
1 0.18515625 0.0890625 0.03671875 0.06796875