1 0.31953125 0.4921875 0.06953125 0.13515625
1 0.43671875 0.23125 0.04296875 0.06953125
1 0.3328125 0.146875 0.028125 0.05234375
1 0.23046875 0.15 0.034375 0.059375
1 0.3234375 0.05625 0.02109375 0.0390625
1 0.37265625 0.0828125 0.02265625 0.0359375
1 0.2875 0.0328125 0.01953125 0.03046875
1 0.34375 0.0234375 0.0203125 0.02890625
1 0.33828125 0.0046875 0.0171875 0.00859375
1 0.3109375 0.00625 0.015625 0.0125
1 0.28125 0.11484375 0.0265625 0.04609375
1 0.33203125 0.09609375 0.0265625 0.04140625
1 0.503125 0.86953125 0.11015625 0.2609375
3 0.24921875 0.70703125 0.14296875 0.31875
3 0.47421875 0.37109375 0.06953125 0.1453125
4 0.27421875 0.2171875 0.04921875 0.10546875
1 0.41171875 0.16796875 0.03515625 0.0515625
1 0.34453125 0.234375 0.03984375 0.0671875
1 0.390625 0.11484375 0.028125 0.04296875