3 0.79375 0.76484375 0.18828125 0.4703125
1 0.4875 0.62421875 0.07890625 0.203125
1 0.065625 0.846875 0.13046875 0.25859375
1 0.203125 0.5078125 0.0859375 0.14296875
1 0.47578125 0.3765625 0.0578125 0.1203125
1 0.4046875 0.153125 0.03359375 0.053125
1 0.3375 0.19765625 0.0359375 0.06640625
1 0.28046875 0.215625 0.0421875 0.0796875
1 0.23671875 0.14375 0.03046875 0.05859375
1 0.3375 0.11875 0.0234375 0.04375
1 0.2890625 0.10390625 0.028125 0.04375
1 0.37890625 0.08125 0.0265625 0.040625
1 0.32890625 0.0703125 0.0234375 0.03984375
1 0.29140625 0.0359375 0.01953125 0.03203125
1 0.35390625 0.01796875 0.01640625 0.0265625
1 0.3203125 0.021875 0.01796875 0.0296875
1 0.28515625 0.15703125 0.03125 0.05078125
1 0.33125 0.3421875 0.0515625 0.09765625
1 0.2484375 0.74453125 0.11875 0.2609375
1 0.434375 0.22421875 0.04453125 0.0703125