1 0.04375 0.91953125 0.0875 0.1609375
1 0.490625 0.92265625 0.09765625 0.1546875
1 0.24296875 0.86953125 0.14140625 0.2609375
1 0.31796875 0.5359375 0.07109375 0.15078125
1 0.24375 0.39921875 0.0703125 0.11015625
1 0.34921875 0.3359375 0.0484375 0.10546875
1 0.3484375 0.228125 0.03828125 0.06640625
1 0.42890625 0.21875 0.04140625 0.0671875
1 0.38515625 0.1171875 0.021875 0.0421875
1 0.2890625 0.14765625 0.03046875 0.05390625
1 0.2375 0.1546875 0.03203125 0.0578125
1 0.3453125 0.178125 0.03359375 0.0515625
1 0.3703125 0.07578125 0.02109375 0.03515625
1 0.35703125 0.0453125 0.0203125 0.03203125
1 0.328125 0.0734375 0.02109375 0.01953125
1 0.32734375 0.05703125 0.01953125 0.0171875
3 0.290625 0.03125 0.01953125 0.04453125
3 0.31796875 0.02421875 0.0234375 0.0484375
4 0.44921875 0.3015625 0.05 0.10234375
4 0.32734375 0.41015625 0.05703125 0.128125
4 0.40390625 0.14296875 0.03828125 0.07890625