1 0.1484375 0.52578125 0.0859375 0.13984375
1 0.46796875 0.53046875 0.06328125 0.14375
1 0.421875 0.30859375 0.0515625 0.0890625
1 0.3109375 0.2453125 0.0421875 0.0796875
1 0.375 0.190625 0.03515625 0.05625
1 0.29765625 0.14140625 0.028125 0.053125
1 0.20078125 0.16484375 0.03515625 0.0625
1 0.2921875 0.08828125 0.025 0.03828125
1 0.359375 0.1328125 0.03125 0.05546875
1 0.34453125 0.1046875 0.02734375 0.0359375
1 0.33984375 0.08046875 0.02265625 0.03125
4 0.33125 0.0609375 0.02578125 0.04765625
4 0.25625 0.0328125 0.01875 0.034375
4 0.25390625 0.11171875 0.03515625 0.0796875
1 0.28828125 0.0390625 0.01640625 0.02578125
1 0.284375 0.02109375 0.015625 0.0234375
1 0.28046875 0.00546875 0.0140625 0.01015625
3 0.24453125 0.24375 0.065625 0.12421875
4 0.0890625 0.72734375 0.11796875 0.25859375
0 0.23515625 0.59453125 0.18984375 0.54296875