1 0.84765625 0.6671875 0.10390625 0.19609375
1 0.4890625 0.59609375 0.0734375 0.18203125
1 0.22109375 0.81953125 0.13203125 0.29296875
1 0.23984375 0.15703125 0.03046875 0.0578125
1 0.42890625 0.221875 0.0375 0.065625
1 0.41015625 0.184375 0.03828125 0.06796875
1 0.40078125 0.1546875 0.03203125 0.0484375
1 0.36015625 0.05546875 0.0203125 0.03125
1 0.290625 0.025 0.015625 0.021875
1 0.38125 0.1140625 0.02578125 0.04609375
4 0.36796875 0.078125 0.02421875 0.0375
4 0.4828125 0.3765625 0.059375 0.13671875
4 0.45859375 0.28984375 0.0453125 0.1
3 0.325 0.05625 0.0421875 0.1125