1 0.30625 0.56015625 0.07421875 0.15859375
1 0.4609375 0.33671875 0.0453125 0.08828125
1 0.271875 0.25859375 0.0390625 0.071875
1 0.3390625 0.240625 0.03671875 0.06796875
1 0.33203125 0.134375 0.02734375 0.0453125
1 0.38671875 0.1234375 0.028125 0.04609375
1 0.4046875 0.1625 0.0328125 0.05078125
1 0.2859375 0.10625 0.02421875 0.04296875
1 0.28515625 0.04375 0.01640625 0.03046875
1 0.35546875 0.06484375 0.0234375 0.0421875
1 0.31875 0.05546875 0.01953125 0.034375
1 0.3171875 0.0265625 0.0171875 0.02265625
1 0.3484375 0.03125 0.01953125 0.028125
1 0.28515625 0.01875 0.01640625 0.02421875
4 0.3375 0.01015625 0.01796875 0.01953125
3 0.496875 0.7078125 0.09921875 0.28671875
3 0.21328125 0.82109375 0.17265625 0.3578125
4 0.1484375 0.57421875 0.128125 0.2609375
1 0.23203125 0.15546875 0.0296875 0.05859375
1 0.34453125 0.3484375 0.05078125 0.090625
1 0.42734375 0.225 0.0421875 0.0640625
1 0.31015625 0.00625 0.01484375 0.0125