1 0.0515625 0.90078125 0.103125 0.19765625
1 0.1921875 0.93515625 0.15390625 0.12890625
1 0.85 0.85859375 0.125 0.2828125
1 0.503125 0.75859375 0.1 0.29140625
4 0.27578125 0.59453125 0.11953125 0.3453125
4 0.31484375 0.40390625 0.0703125 0.15703125
4 0.234375 0.346875 0.06875 0.125
4 0.44609375 0.328125 0.059375 0.125
1 0.478125 0.471875 0.0625 0.14296875
1 0.32890625 0.29140625 0.05 0.08203125
1 0.328125 0.196875 0.0359375 0.06484375
1 0.2609375 0.18125 0.03671875 0.0625
1 0.2109375 0.175 0.03828125 0.06640625
1 0.26796875 0.078125 0.02578125 0.04375
1 0.26796875 0.03671875 0.021875 0.034375
4 0.30546875 0.0546875 0.02734375 0.06796875
2 0.28046875 0.25703125 0.021875 0.06640625
3 0.41640625 0.21015625 0.0671875 0.11875