1 0.2859375 0.61796875 0.096875 0.203125
1 0.51171875 0.8890625 0.1140625 0.221875
1 0.484375 0.45546875 0.059375 0.14296875
1 0.33515625 0.33125 0.04921875 0.0921875
1 0.45078125 0.28984375 0.04453125 0.07734375
1 0.284375 0.24140625 0.0421875 0.075
1 0.40234375 0.15390625 0.03125 0.05625
1 0.29140625 0.15078125 0.0296875 0.0515625
1 0.23828125 0.1578125 0.034375 0.05859375
1 0.36953125 0.07578125 0.0234375 0.04140625
1 0.34765625 0.03046875 0.01640625 0.028125
1 0.2921875 0.046875 0.021875 0.03125
1 0.31640625 0.0125 0.01484375 0.025
3 0.33828125 0.13125 0.0375 0.10390625