1 0.21484375 0.48515625 0.08125 0.13671875
1 0.228125 0.784375 0.11796875 0.25390625
1 0.45546875 0.30859375 0.0484375 0.09140625
1 0.23984375 0.1578125 0.03046875 0.05859375
1 0.37421875 0.09375 0.0265625 0.040625
1 0.32421875 0.04921875 0.0171875 0.0296875
1 0.35078125 0.03359375 0.01875 0.028125
1 0.31484375 0.0375 0.015625 0.0265625
1 0.2921875 0.04453125 0.0171875 0.02890625
1 0.290625 0.01875 0.01484375 0.02265625
1 0.31796875 0.01875 0.01484375 0.01953125
1 0.3125 0.00625 0.0125 0.01171875
1 0.33828125 0.00625 0.01328125 0.0125
0 0.28515625 0.12578125 0.0484375 0.12890625