0 0.13203125 0.6515625 0.26328125 0.69609375
1 0.45390625 0.30390625 0.05234375 0.10625
1 0.33046875 0.24921875 0.04375 0.075
1 0.32578125 0.1875 0.03359375 0.05703125
1 0.39453125 0.1453125 0.034375 0.05703125
1 0.27890625 0.16328125 0.02734375 0.0546875
1 0.228125 0.14921875 0.0328125 0.0578125
1 0.28046875 0.11015625 0.025 0.03984375
1 0.321875 0.11484375 0.028125 0.0453125
1 0.359375 0.06953125 0.025 0.040625
1 0.3171875 0.07109375 0.02265625 0.03984375
1 0.28125 0.0359375 0.01953125 0.0328125
1 0.31328125 0.0359375 0.01796875 0.02734375
1 0.34453125 0.034375 0.01796875 0.0265625
1 0.33671875 0.009375 0.015625 0.01875
1 0.3078125 0.009375 0.015625 0.01875
1 0.28203125 0.0140625 0.01640625 0.01796875