1 0.50625 0.565625 0.084375 0.2015625
1 0.3328125 0.409375 0.05859375 0.128125
1 0.340625 0.14921875 0.0359375 0.0640625
1 0.42890625 0.17578125 0.0375 0.0640625
1 0.38671875 0.0671875 0.02734375 0.04140625
1 0.3703125 0.0375 0.0203125 0.0359375
1 0.32734375 0.07421875 0.02421875 0.04375
1 0.40625 0.11484375 0.034375 0.0515625
4 0.32578125 0.025 0.0203125 0.04140625
4 0.28359375 0.115625 0.040625 0.08359375
3 0.4640625 0.29296875 0.0671875 0.121875
3 0.2703125 0.61171875 0.128125 0.2765625
1 0.284375 0.046875 0.02578125 0.0359375
1 0.2328125 0.12109375 0.03515625 0.0640625
1 0.31953125 0.00625 0.01953125 0.01171875