4 0.5203125 0.94453125 0.1078125 0.11015625
1 0.23125 0.88046875 0.14609375 0.2390625
1 0.396875 0.11953125 0.0296875 0.04296875
1 0.48515625 0.3859375 0.05703125 0.12265625
1 0.2546875 0.3609375 0.05703125 0.10546875
1 0.35 0.28046875 0.04296875 0.0734375
1 0.33046875 0.084375 0.02265625 0.03828125
1 0.36875 0.06953125 0.01875 0.0328125
1 0.38125 0.084375 0.0203125 0.03671875
1 0.32421875 0.0390625 0.0171875 0.02578125
1 0.32265625 0.01328125 0.0125 0.025
1 0.24140625 0.16015625 0.0328125 0.06328125
4 0.29140625 0.06875 0.0265625 0.0546875
3 0.446875 0.26484375 0.0578125 0.09140625
3 0.32734375 0.4234375 0.075 0.159375
1 0.41875 0.16953125 0.0328125 0.05546875
1 0.29375 0.03203125 0.015625 0.02109375