1 0.0296875 0.88984375 0.059375 0.2203125
1 0.15546875 0.896875 0.1515625 0.20625
1 0.48984375 0.903125 0.13125 0.19375
1 0.28828125 0.4375 0.0734375 0.1359375
1 0.440625 0.41953125 0.0640625 0.128125
1 0.40703125 0.22265625 0.0453125 0.07890625
1 0.30859375 0.13125 0.02890625 0.05
1 0.25 0.140625 0.034375 0.05
1 0.19921875 0.13046875 0.0359375 0.0640625
1 0.29765625 0.0703125 0.02578125 0.04375
1 0.28828125 0.01796875 0.021875 0.0328125
4 0.3671875 0.1234375 0.03984375 0.07734375
4 0.221875 0.28359375 0.0703125 0.15859375
4 0.2453125 0.196875 0.04375 0.0875
3 0.14296875 0.49921875 0.15703125 0.26875