3 0.49609375 0.309375 0.08828125 0.18515625
0 0.32734375 0.0078125 0.034375 0.015625
4 0.1140625 0.6765625 0.13828125 0.2640625
4 0.32421875 0.4609375 0.07421875 0.17109375
4 0.51328125 0.46171875 0.08046875 0.1921875
4 0.359375 0.290625 0.05546875 0.1265625
1 0.22421875 0.95078125 0.13828125 0.0984375
1 0.51015625 0.6359375 0.08515625 0.21328125
1 0.22734375 0.4125 0.071875 0.12734375
1 0.2734375 0.31015625 0.059375 0.1078125
1 0.359375 0.19140625 0.04296875 0.0703125
1 0.434375 0.15859375 0.03359375 0.06015625
1 0.41640625 0.1203125 0.034375 0.0578125
1 0.396875 0.08203125 0.028125 0.04453125
1 0.35625 0.134375 0.034375 0.06015625
1 0.34765625 0.1 0.03046875 0.05078125
1 0.359375 0.03984375 0.021875 0.0421875
1 0.240625 0.121875 0.0375 0.06875
1 0.36875 0.00390625 0.021875 0.0078125
4 0.2875 0.19296875 0.04140625 0.08671875
1 0.4625 0.228125 0.0484375 0.08125