4 0.22265625 0.32890625 0.07578125 0.16015625
4 0.32890625 0.11015625 0.0296875 0.06171875
3 0.484375 0.47578125 0.0796875 0.18125
3 0.2140625 0.79296875 0.16875 0.37890625
1 0.29921875 0.52890625 0.07421875 0.15078125
1 0.33671875 0.27578125 0.04921875 0.08046875
1 0.44296875 0.2546875 0.0453125 0.0796875
1 0.41171875 0.171875 0.040625 0.06484375
1 0.3265625 0.17109375 0.0359375 0.06484375
1 0.38984375 0.1109375 0.03046875 0.0546875
1 0.26328125 0.15078125 0.03515625 0.06015625
1 0.21328125 0.1265625 0.03359375 0.06328125
1 0.315625 0.07109375 0.0265625 0.0484375
1 0.36953125 0.07421875 0.02734375 0.040625
1 0.27109375 0.03515625 0.02265625 0.0359375
1 0.3375 0.0140625 0.021875 0.028125
1 0.30234375 0.003125 0.0171875 0.00625