1 0.4953125 0.66640625 0.0796875 0.20078125
1 0.4796875 0.43828125 0.05390625 0.1234375
1 0.340625 0.2890625 0.04453125 0.0765625
1 0.42734375 0.22109375 0.0375 0.0671875
1 0.4078125 0.17890625 0.03671875 0.0625
1 0.39765625 0.14453125 0.02734375 0.053125
1 0.340625 0.171875 0.03125 0.05546875
1 0.23984375 0.15703125 0.03203125 0.0578125
1 0.36328125 0.065625 0.02109375 0.03671875
1 0.3515625 0.0375 0.01796875 0.03203125
1 0.34375 0.0171875 0.01640625 0.025
3 0.31796875 0.0234375 0.0265625 0.04609375
4 0.28984375 0.5953125 0.08984375 0.2171875
4 0.178125 0.53359375 0.10703125 0.20703125
4 0.4734375 0.33203125 0.0546875 0.12265625
4 0.4515625 0.27265625 0.04375 0.09609375