3 0.92890625 0.478125 0.1421875 0.28203125
1 0.4890625 0.5296875 0.0765625 0.1859375
1 0.22265625 0.40234375 0.06953125 0.121875
1 0.26796875 0.26796875 0.0453125 0.08359375
1 0.46484375 0.27421875 0.0515625 0.1
1 0.2296875 0.115625 0.034375 0.06171875
1 0.28515625 0.1015625 0.034375 0.0609375
1 0.28671875 0.05625 0.0265625 0.04140625
1 0.2859375 0.0203125 0.021875 0.03671875
1 0.32734375 0.0375 0.0234375 0.0359375
1 0.31953125 0.0078125 0.0203125 0.015625
1 0.3640625 0.01640625 0.02265625 0.0328125
1 0.38515625 0.0734375 0.0296875 0.04921875
1 0.3359375 0.17265625 0.04140625 0.0671875
1 0.33203125 0.0921875 0.0296875 0.04921875
1 0.40859375 0.13671875 0.0390625 0.06328125
1 0.33203125 0.309375 0.0484375 0.096875
1 0.240625 0.72421875 0.1171875 0.25