1 0.48671875 0.9140625 0.103125 0.171875
1 0.3171875 0.46328125 0.065625 0.13671875
1 0.4828125 0.465625 0.05703125 0.13359375
1 0.3390625 0.25546875 0.03984375 0.0703125
1 0.428125 0.22109375 0.03671875 0.07109375
1 0.4109375 0.184375 0.0359375 0.0625
1 0.4 0.15390625 0.02890625 0.05390625
1 0.23984375 0.15703125 0.03203125 0.06171875
1 0.37109375 0.0859375 0.02421875 0.04140625
1 0.35625 0.05234375 0.02109375 0.0375
1 0.3484375 0.02890625 0.01640625 0.02734375
4 0.4734375 0.3328125 0.05546875 0.1203125
4 0.4515625 0.27734375 0.03984375 0.09609375
3 0.3203125 0.03203125 0.0296875 0.06328125