1 0.48984375 0.78828125 0.09140625 0.25859375
1 0.490625 0.540625 0.06640625 0.15390625
1 0.47421875 0.38125 0.04921875 0.10390625
1 0.39609375 0.1421875 0.02734375 0.0484375
1 0.3765625 0.09921875 0.02734375 0.03984375
1 0.3703125 0.07578125 0.021875 0.02890625
1 0.33515625 0.13515625 0.0265625 0.04375
1 0.29453125 0.13984375 0.03046875 0.0453125
1 0.2390625 0.1578125 0.03203125 0.05859375
1 0.2953125 0.09921875 0.021875 0.0359375
1 0.325 0.0515625 0.01953125 0.02578125
1 0.3296875 0.08359375 0.0234375 0.04140625
1 0.3234375 0.0265625 0.01953125 0.025
4 0.2921875 0.0625 0.02265625 0.03828125
4 0.3421875 0.253125 0.04453125 0.090625
4 0.2765625 0.24140625 0.05078125 0.11484375
4 0.41953125 0.1828125 0.034375 0.06640625
4 0.44453125 0.2359375 0.046875 0.08984375
4 0.184375 0.5765625 0.11640625 0.23984375
3 0.31015625 0.48125 0.11015625 0.3140625