1 0.51953125 0.76796875 0.09609375 0.2625
1 0.30859375 0.64375 0.090625 0.20234375
1 0.06171875 0.8484375 0.12265625 0.2875
1 0.19921875 0.95859375 0.11640625 0.08203125
1 0.4734375 0.40703125 0.05078125 0.10703125
1 0.32890625 0.47265625 0.06328125 0.12734375
1 0.27890625 0.25859375 0.03984375 0.06875
1 0.34921875 0.27421875 0.04140625 0.08359375
1 0.3484375 0.2078125 0.03359375 0.05625
1 0.3421875 0.15859375 0.0296875 0.04765625
1 0.23984375 0.1578125 0.03046875 0.05703125
1 0.29375 0.12734375 0.0265625 0.04140625
1 0.3296875 0.09765625 0.02578125 0.0421875
1 0.29296875 0.0578125 0.01953125 0.034375
1 0.37109375 0.0796875 0.0171875 0.034375
1 0.35625 0.046875 0.01875 0.02890625
1 0.3453125 0.01953125 0.015625 0.0234375
1 0.40625 0.165625 0.0328125 0.053125
1 0.32734375 0.06640625 0.02109375 0.01875
1 0.3265625 0.0484375 0.0203125 0.02109375
4 0.42421875 0.23359375 0.03984375 0.0765625
4 0.38828125 0.10625 0.03203125 0.06484375
4 0.334375 0.34453125 0.0484375 0.10703125
4 0.33671875 0.11953125 0.0234375 0.04375
4 0.3171875 0.0109375 0.01640625 0.021875
1 0.29140625 0.009375 0.0171875 0.01875