1 0.515625 0.90078125 0.11171875 0.1984375
1 0.484375 0.4265625 0.05625 0.1234375
1 0.2484375 0.38984375 0.0671875 0.125
1 0.4609375 0.31171875 0.04765625 0.08046875
1 0.4296875 0.22578125 0.04140625 0.06796875
1 0.23984375 0.15703125 0.0328125 0.05703125
1 0.328125 0.128125 0.028125 0.046875
1 0.28828125 0.09296875 0.02109375 0.0390625
1 0.2890625 0.06171875 0.01796875 0.0328125
1 0.38984375 0.12109375 0.02421875 0.04296875
1 0.375 0.09765625 0.0234375 0.0390625
1 0.34921875 0.028125 0.01640625 0.02578125
1 0.325 0.0671875 0.0203125 0.0328125
1 0.31484375 0.015625 0.0140625 0.0234375
4 0.32265625 0.0375 0.0203125 0.034375
3 0.359375 0.06484375 0.02578125 0.03984375
4 0.4078125 0.14765625 0.03359375 0.059375
4 0.30625 0.4796875 0.07265625 0.16953125
4 0.29296875 0.18515625 0.0375 0.0734375
2 0.3078125 0.07734375 0.01015625 0.0390625