1 0.49921875 0.725 0.084375 0.26171875
1 0.27109375 0.64140625 0.09609375 0.19921875
1 0.21015625 0.49140625 0.08671875 0.1546875
1 0.4734375 0.39453125 0.05390625 0.10859375
1 0.2765625 0.27265625 0.04375 0.084375
1 0.23828125 0.16015625 0.0328125 0.059375
1 0.42734375 0.21171875 0.03984375 0.06875
1 0.3375 0.159375 0.0265625 0.0515625
1 0.2921875 0.09375 0.025 0.046875
1 0.3890625 0.1234375 0.02734375 0.046875
1 0.35859375 0.05859375 0.02109375 0.03359375
1 0.32109375 0.03671875 0.0171875 0.0265625
1 0.31640625 0.0109375 0.015625 0.021875
1 0.3390625 0.0109375 0.0171875 0.021875
3 0.3375 0.23671875 0.05 0.128125