1 0.50078125 0.45234375 0.06875 0.14140625
0 0.2796875 0.18984375 0.06796875 0.19453125
1 0.24140625 0.14765625 0.034375 0.06328125
1 0.415625 0.13828125 0.034375 0.0578125
1 0.3390625 0.075 0.0234375 0.04375
1 0.296875 0.05625 0.021875 0.0375
1 0.29609375 0.02421875 0.0171875 0.0296875
1 0.328125 0.05234375 0.02109375 0.03515625
1 0.37421875 0.04453125 0.02421875 0.03828125
1 0.33046875 0.02109375 0.01875 0.02578125
1 0.35546875 0.00625 0.01796875 0.01171875
1 0.3234375 0.00546875 0.015625 0.01015625