3 0.090625 0.80390625 0.18125 0.3703125
1 0.49140625 0.5328125 0.06953125 0.16953125
1 0.3015625 0.6265625 0.09140625 0.1984375
1 0.34296875 0.1640625 0.03046875 0.06015625
1 0.4125 0.17421875 0.03359375 0.059375
1 0.43203125 0.2296875 0.03828125 0.06328125
1 0.2875 0.06171875 0.02265625 0.02734375
1 0.29140625 0.03359375 0.0171875 0.02421875
1 0.35625 0.04453125 0.01484375 0.02734375
1 0.36484375 0.06015625 0.01953125 0.02734375
1 0.31640625 0.0046875 0.0140625 0.009375
4 0.3234375 0.04921875 0.02265625 0.04140625
3 0.3890625 0.1296875 0.0375 0.0515625
4 0.471875 0.31015625 0.05 0.10546875
1 0.3828125 0.09609375 0.0203125 0.025
1 0.37421875 0.07890625 0.02421875 0.03046875
1 0.28828125 0.1859375 0.03203125 0.0515625
1 0.33515625 0.11640625 0.02578125 0.03515625
1 0.34453125 0.2640625 0.03828125 0.0734375
1 0.23984375 0.15859375 0.03046875 0.05859375