1 0.259375 0.659375 0.103125 0.215625
4 0.265625 0.309375 0.05703125 0.12109375
1 0.48046875 0.403125 0.0578125 0.12890625
1 0.3359375 0.346875 0.05078125 0.10234375
1 0.44453125 0.24296875 0.04375 0.0796875
1 0.29296875 0.15078125 0.03046875 0.0515625
1 0.24140625 0.15859375 0.03203125 0.059375
1 0.3390625 0.13203125 0.01953125 0.04140625
1 0.38671875 0.10703125 0.02265625 0.0390625
1 0.29140625 0.09375 0.021875 0.0328125
1 0.334375 0.090625 0.021875 0.034375
1 0.3234375 0.04296875 0.01796875 0.028125
1 0.35546875 0.0359375 0.01640625 0.0265625