4 0.06015625 0.84765625 0.1203125 0.3046875
4 0.4703125 0.32734375 0.05859375 0.12421875
4 0.4453125 0.26015625 0.04765625 0.09609375
4 0.28125 0.1359375 0.03359375 0.06640625
1 0.946875 0.571875 0.10625 0.165625
1 0.49296875 0.84453125 0.10078125 0.271875
1 0.24453125 0.71875 0.125 0.27890625
1 0.4984375 0.6 0.07421875 0.178125
1 0.484375 0.4609375 0.0578125 0.13203125
1 0.2640625 0.32265625 0.053125 0.09765625
1 0.3359375 0.27421875 0.0421875 0.0734375
1 0.41484375 0.1984375 0.03671875 0.06484375
1 0.278125 0.21171875 0.03671875 0.06328125
1 0.38203125 0.13046875 0.0328125 0.05234375
1 0.32578125 0.1015625 0.025 0.04140625
1 0.3703125 0.0875 0.02578125 0.040625
1 0.33515625 0.165625 0.03203125 0.06640625
1 0.3203125 0.06015625 0.02265625 0.03671875
1 0.33828125 0.01328125 0.0171875 0.0265625
1 0.33046875 0.00390625 0.0140625 0.0078125
1 0.228125 0.16484375 0.03984375 0.06171875
3 0.30546875 0.00390625 0.01953125 0.0078125