4 0.13359375 0.68125 0.12890625 0.26171875
1 0.203125 0.465625 0.0875 0.15234375
1 0.4875 0.34609375 0.0515625 0.10546875
1 0.44609375 0.2125 0.04375 0.078125
1 0.35 0.14375 0.03359375 0.059375
1 0.240625 0.11875 0.03359375 0.06171875
1 0.33671875 0.0703125 0.02734375 0.04609375
1 0.40546875 0.11875 0.03359375 0.0515625
1 0.3953125 0.0734375 0.0265625 0.0484375
1 0.38125 0.046875 0.0203125 0.05546875
4 0.37109375 0.0171875 0.02578125 0.034375
1 0.33125 0.02421875 0.0234375 0.0359375
4 0.29609375 0.0296875 0.02734375 0.059375
3 0.290625 0.14453125 0.0515625 0.09921875
0 0.321875 0.3359375 0.109375 0.3234375
1 0.53515625 0.8859375 0.12578125 0.228125