1 0.3234375 0.3609375 0.05390625 0.10625
1 0.27734375 0.27109375 0.04375 0.08203125
1 0.41875 0.18125 0.034375 0.0578125
1 0.2390625 0.16171875 0.0328125 0.05859375
1 0.28984375 0.12265625 0.02421875 0.04296875
1 0.3765625 0.10625 0.0265625 0.04140625
1 0.28984375 0.04140625 0.01875 0.025
1 0.31953125 0.03046875 0.015625 0.0265625
1 0.34375 0.0234375 0.0140625 0.0234375
1 0.3109375 0.01171875 0.01640625 0.021875
1 0.34140625 0.009375 0.01484375 0.01875
4 0.3328125 0.13046875 0.02578125 0.05703125
4 0.2984375 0.50703125 0.09921875 0.2515625
4 0.47734375 0.44453125 0.0578125 0.14453125