4 0.071875 0.82421875 0.14296875 0.3515625
4 0.46640625 0.3078125 0.0546875 0.11484375
4 0.44375 0.24609375 0.04375 0.0890625
4 0.29140625 0.13125 0.03125 0.06171875
1 0.91953125 0.5359375 0.11875 0.1546875
1 0.4875 0.78671875 0.09375 0.2515625
1 0.2578125 0.6703125 0.115625 0.2578125
1 0.49296875 0.56015625 0.06875 0.1640625
1 0.4796875 0.43203125 0.053125 0.121875
1 0.2765625 0.3046875 0.04921875 0.090625
1 0.3421875 0.259375 0.0390625 0.06796875
1 0.415625 0.18984375 0.034375 0.059375
1 0.2890625 0.20078125 0.034375 0.05859375
1 0.3859375 0.1265625 0.03046875 0.0484375
1 0.3328125 0.09921875 0.0234375 0.03828125
1 0.37421875 0.08671875 0.02421875 0.0375
1 0.3421875 0.15859375 0.0296875 0.0609375
1 0.328125 0.06171875 0.0203125 0.03359375
1 0.34453125 0.01796875 0.015625 0.0265625
1 0.3375 0.00625 0.01328125 0.0125
1 0.24296875 0.1578125 0.03671875 0.05703125
3 0.3140625 0.00625 0.01796875 0.0125