1 0.4734375 0.58125 0.078125 0.18828125
1 0.45859375 0.39140625 0.05859375 0.11875
1 0.42890625 0.2796875 0.05078125 0.0921875
1 0.24609375 0.18984375 0.0375 0.0640625
1 0.19921875 0.1359375 0.034375 0.0671875
1 0.3125 0.1359375 0.03203125 0.06015625
1 0.3703125 0.1140625 0.03203125 0.0515625
1 0.3515625 0.07890625 0.02734375 0.04453125
1 0.29765625 0.04375 0.02109375 0.0375
1 0.28984375 0.01953125 0.01875 0.03359375
1 0.32890625 0.0140625 0.02109375 0.0265625
1 0.25078125 0.1109375 0.02890625 0.0453125
1 0.29140625 0.32890625 0.05078125 0.09921875
2 0.265625 0.23203125 0.025 0.07578125
4 0.13046875 0.5734375 0.1109375 0.21640625
4 0.9296875 0.478125 0.1234375 0.16953125
4 0.396875 0.1609375 0.0390625 0.07265625
4 0.3046875 0.0765625 0.0296875 0.05390625
3 0.3359375 0.05078125 0.02890625 0.04921875