3 0.196875 0.73671875 0.2921875 0.5265625
1 0.49921875 0.78046875 0.1 0.2953125
4 0.7453125 0.9484375 0.121875 0.103125
1 0.33984375 0.359375 0.0515625 0.1046875
1 0.23984375 0.15859375 0.0328125 0.0609375
1 0.44765625 0.26640625 0.046875 0.07421875
1 0.42890625 0.21484375 0.0375 0.059375
1 0.409375 0.17265625 0.03515625 0.05859375
1 0.375 0.08828125 0.021875 0.03515625
1 0.36015625 0.0625 0.021875 0.0390625
1 0.33046875 0.07265625 0.01953125 0.034375
1 0.28984375 0.03359375 0.0171875 0.0265625
1 0.34140625 0.01484375 0.0203125 0.0296875
4 0.3234375 0.0390625 0.02109375 0.0328125
1 0.4890625 0.48046875 0.0640625 0.13984375
1 0.471875 0.36328125 0.0546875 0.0984375
1 0.29375 0.0109375 0.01484375 0.01953125