1 0.2609375 0.75078125 0.12109375 0.2734375
1 0.30078125 0.390625 0.0546875 0.115625
4 0.48046875 0.39296875 0.059375 0.1390625
1 0.28671875 0.178125 0.034375 0.0703125
1 0.40390625 0.15 0.03359375 0.06015625
1 0.2359375 0.14765625 0.03125 0.059375
1 0.31640625 0.02109375 0.01953125 0.02578125
1 0.3125 0.00390625 0.0171875 0.00703125
4 0.290625 0.0359375 0.02109375 0.03828125
4 0.32734375 0.06796875 0.028125 0.05234375
4 0.340625 0.21015625 0.05 0.1296875
4 0.371875 0.06796875 0.0265625 0.04765625
3 0.3515625 0.01953125 0.028125 0.0390625
3 0.125 0.67734375 0.25 0.6453125