1 0.2203125 0.615625 0.10546875 0.203125
1 0.29921875 0.2828125 0.05 0.096875
1 0.41953125 0.24140625 0.04765625 0.090625
1 0.30703125 0.16015625 0.03828125 0.06328125
1 0.378125 0.1390625 0.0390625 0.06328125
1 0.1953125 0.1421875 0.034375 0.07109375
1 0.25390625 0.0703125 0.025 0.04296875
1 0.2515625 0.0296875 0.01875 0.03515625
1 0.2953125 0.046875 0.0171875 0.03203125
1 0.290625 0.01953125 0.02265625 0.028125
1 0.33203125 0.02890625 0.0234375 0.03671875
4 0.24765625 0.16953125 0.04609375 0.0859375