1 0.525 0.76484375 0.09765625 0.26796875
1 0.23984375 0.8515625 0.12109375 0.25859375
1 0.3296875 0.53828125 0.07265625 0.15546875
1 0.20859375 0.48671875 0.08125 0.1453125
1 0.47890625 0.38203125 0.053125 0.109375
1 0.33984375 0.3875 0.05 0.10546875
1 0.2703125 0.27109375 0.04375 0.0703125
1 0.44453125 0.27421875 0.0421875 0.06953125
1 0.34609375 0.18125 0.03203125 0.05390625
1 0.23984375 0.1578125 0.03125 0.0546875
1 0.3375 0.1359375 0.02578125 0.040625
1 0.38671875 0.11640625 0.0265625 0.04296875
1 0.29140625 0.0828125 0.02109375 0.0328125
1 0.3578125 0.046875 0.01796875 0.028125
1 0.34375 0.01484375 0.0140625 0.02265625
1 0.29375 0.03515625 0.01796875 0.0234375
1 0.32421875 0.053125 0.01953125 0.02890625
1 0.32265625 0.03203125 0.01796875 0.02734375
1 0.296875 0.01015625 0.01640625 0.0203125
1 0.34765625 0.24453125 0.0390625 0.078125
4 0.33828125 0.29296875 0.04375 0.09296875
4 0.40625 0.178125 0.03515625 0.06640625
4 0.375 0.07265625 0.02734375 0.0546875
4 0.3328125 0.1015625 0.02421875 0.04296875
4 0.328125 0.07890625 0.02421875 0.0421875