4 0.0640625 0.840625 0.128125 0.31796875
4 0.27109375 0.6421875 0.10234375 0.22578125
4 0.33984375 0.3796875 0.05859375 0.13125
4 0.48671875 0.4609375 0.07265625 0.17890625
4 0.271875 0.2859375 0.04609375 0.09453125
1 0.83359375 0.6484375 0.1171875 0.22578125
1 0.48515625 0.61953125 0.078125 0.1859375
1 0.35078125 0.25859375 0.04296875 0.0796875
1 0.23984375 0.159375 0.0296875 0.059375
1 0.346875 0.196875 0.0359375 0.0578125
1 0.4171875 0.19921875 0.034375 0.05078125
1 0.40078125 0.16171875 0.03046875 0.0453125
1 0.3859375 0.134375 0.0296875 0.046875
1 0.33828125 0.153125 0.02890625 0.046875
1 0.3375 0.1046875 0.028125 0.040625
1 0.36171875 0.0546875 0.0234375 0.0390625
1 0.34765625 0.034375 0.015625 0.02265625
1 0.34375 0.01328125 0.01484375 0.02421875
1 0.28984375 0.015625 0.01640625 0.02421875
0 0.32109375 0.04375 0.034375 0.08203125
1 0.4390625 0.2578125 0.0390625 0.07109375
3 0.471875 0.3265625 0.08125 0.16015625