1 0.20234375 0.4953125 0.07109375 0.1265625
1 0.23046875 0.72734375 0.121875 0.2375
1 0.496875 0.44921875 0.05859375 0.12109375
1 0.4484375 0.2546875 0.0421875 0.0734375
1 0.3453125 0.25234375 0.0375 0.06796875
1 0.32578125 0.36015625 0.05234375 0.1046875
1 0.33828125 0.15703125 0.0328125 0.05078125
1 0.240625 0.15859375 0.03125 0.0578125
1 0.3859375 0.12265625 0.03203125 0.04921875
1 0.36015625 0.05546875 0.01953125 0.03515625
1 0.32421875 0.04453125 0.01875 0.03203125
1 0.2953125 0.08984375 0.02578125 0.03828125
1 0.29140625 0.04453125 0.01796875 0.02890625