1 0.115625 0.7234375 0.12421875 0.221875
1 0.48359375 0.63828125 0.07734375 0.19609375
1 0.34140625 0.38671875 0.0578125 0.11640625
1 0.228125 0.471875 0.07421875 0.14921875
1 0.35234375 0.27265625 0.040625 0.08046875
1 0.34375 0.20234375 0.03203125 0.0609375
1 0.3375 0.14921875 0.02734375 0.04765625
1 0.23984375 0.15625 0.03125 0.05546875
1 0.4171875 0.19921875 0.03125 0.04765625
1 0.40234375 0.16796875 0.03046875 0.05078125
1 0.38671875 0.1375 0.0296875 0.04296875
1 0.290625 0.065625 0.021875 0.0328125
1 0.37734375 0.09140625 0.025 0.04453125
1 0.3609375 0.06328125 0.0234375 0.0328125
1 0.353125 0.0390625 0.01875 0.0328125
1 0.75703125 0.84765625 0.1234375 0.30390625
1 0.31484375 0.0109375 0.01328125 0.02109375
0 0.32734375 0.06796875 0.0375 0.09609375
4 0.25390625 0.353125 0.0515625 0.11484375
4 0.26953125 0.7203125 0.115625 0.284375
4 0.4875 0.465625 0.07109375 0.1640625
1 0.4421875 0.2546875 0.0421875 0.07109375
3 0.47265625 0.3296875 0.07890625 0.16171875