3 0.0578125 0.8171875 0.115625 0.365625
1 0.459375 0.540625 0.0765625 0.1875
1 0.24921875 0.6453125 0.1015625 0.21953125
1 0.2953125 0.1328125 0.03359375 0.06640625
1 0.371875 0.14453125 0.03671875 0.065625
1 0.39375 0.20546875 0.0421875 0.0703125
1 0.23359375 0.01875 0.025 0.0296875
1 0.309375 0.00703125 0.01640625 0.0140625
1 0.31953125 0.0171875 0.02109375 0.0296875
4 0.2734375 0.0140625 0.025 0.02734375
3 0.34609375 0.09453125 0.04140625 0.0578125
4 0.4375 0.29453125 0.05546875 0.11640625
1 0.3390625 0.05703125 0.021875 0.02734375
1 0.3296875 0.0375 0.0265625 0.03359375
1 0.23515625 0.15625 0.0359375 0.0578125
1 0.28671875 0.0796875 0.028125 0.0390625
1 0.29765625 0.24296875 0.0421875 0.08125
1 0.18125 0.1265625 0.03359375 0.06484375