1 0.27734375 0.62734375 0.09453125 0.2
1 0.496875 0.5359375 0.0765625 0.171875
1 0.08671875 0.746875 0.1375 0.253125
1 0.27734375 0.14140625 0.02890625 0.0484375
1 0.22265625 0.16015625 0.03203125 0.059375
1 0.409375 0.1890625 0.03671875 0.06015625
1 0.3296875 0.11875 0.025 0.03984375
1 0.3171875 0.07734375 0.0234375 0.0375
1 0.3109375 0.03515625 0.0203125 0.03359375
1 0.3328125 0.3375 0.05078125 0.096875
1 0.4484375 0.33046875 0.05625 0.09140625
4 0.27265625 0.1953125 0.040625 0.08046875
4 0.2546875 0.2796875 0.0640625 0.13515625
3 0.19921875 0.45078125 0.12734375 0.221875
4 0.378125 0.1171875 0.0328125 0.065625