1 0.21015625 0.9546875 0.1390625 0.090625
1 0.32890625 0.57421875 0.0828125 0.1765625
1 0.49375 0.3765625 0.05859375 0.10078125
1 0.4625 0.2640625 0.0484375 0.08515625
1 0.246875 0.1640625 0.03359375 0.06015625
1 0.3421875 0.08828125 0.0234375 0.03984375
1 0.40625 0.1265625 0.028125 0.04453125
1 0.37421875 0.059375 0.015625 0.03359375
1 0.38515625 0.075 0.021875 0.03203125
1 0.39609375 0.0984375 0.0265625 0.0359375
1 0.30078125 0.18984375 0.034375 0.06171875
1 0.28046875 0.30390625 0.0515625 0.0890625
1 0.35546875 0.37890625 0.04921875 0.096875
1 0.3 0.08125 0.02265625 0.03828125
4 0.353125 0.18359375 0.03984375 0.078125
3 0.42421875 0.18125 0.04140625 0.0734375
1 0.32578125 0.00546875 0.0140625 0.0109375
4 0.52421875 0.534375 0.07265625 0.18046875