3 0.16796875 0.53125 0.2515625 0.6046875
1 0.3296875 0.38671875 0.05859375 0.11328125
1 0.30625 0.2328125 0.0375 0.0671875
4 0.33828125 0.1296875 0.03828125 0.09375
4 0.45859375 0.28203125 0.04765625 0.1
4 0.3234375 0.03984375 0.021875 0.0390625
1 0.29296875 0.11640625 0.02890625 0.046875
1 0.2390625 0.15703125 0.03359375 0.06171875
1 0.38203125 0.09765625 0.025 0.04921875
4 0.3578125 0.04375 0.02265625 0.04140625
4 0.29375 0.0203125 0.01953125 0.03046875
1 0.3140625 0.01171875 0.015625 0.0234375
3 0.34453125 0.0140625 0.0234375 0.025