1 0.26328125 0.58515625 0.0953125 0.1828125
1 0.334375 0.284375 0.0453125 0.0875
1 0.44375 0.246875 0.04296875 0.08203125
1 0.3421875 0.1734375 0.03515625 0.05703125
1 0.40625 0.1546875 0.03515625 0.05703125
1 0.240625 0.15703125 0.03125 0.0640625
1 0.29375 0.09296875 0.02265625 0.0390625
1 0.2921875 0.05625 0.0171875 0.03125
1 0.33125 0.07109375 0.015625 0.02890625
1 0.32734375 0.046875 0.0203125 0.025
1 0.3203125 0.0203125 0.01640625 0.028125
1 0.3640625 0.05546875 0.02109375 0.0328125
1 0.34296875 0.00859375 0.0171875 0.01640625
4 0.28828125 0.18203125 0.04140625 0.078125