3 0.08984375 0.73046875 0.1796875 0.5390625
3 0.3515625 0.028125 0.034375 0.05625
1 0.265625 0.5703125 0.084375 0.17734375
4 0.31640625 0.31484375 0.06796875 0.19765625
4 0.3203125 0.096875 0.03671875 0.071875
4 0.2734375 0.0421875 0.0265625 0.04921875
1 0.26640625 0.25625 0.04296875 0.096875
1 0.2171875 0.12421875 0.0328125 0.0625
4 0.48203125 0.48671875 0.075 0.18828125
1 0.85390625 0.690625 0.125 0.24140625
1 0.421875 0.19765625 0.0421875 0.07421875
4 0.3765625 0.084375 0.0328125 0.0625
1 0.30625 0.021875 0.0234375 0.0359375
2 0.27734375 0.0109375 0.01171875 0.021875