1 0.50703125 0.58828125 0.078125 0.1875
1 0.15703125 0.6375 0.11796875 0.22890625
1 0.465625 0.32109375 0.05 0.10078125
1 0.33671875 0.33125 0.05234375 0.10625
1 0.42578125 0.20390625 0.03828125 0.06328125
1 0.3390625 0.19765625 0.0359375 0.06484375
1 0.3796875 0.09140625 0.02890625 0.05
1 0.28671875 0.1203125 0.0296875 0.05390625
1 0.228125 0.1515625 0.03515625 0.06171875
1 0.2875 0.06953125 0.02421875 0.03828125
1 0.3515625 0.025 0.01875 0.034375
1 0.334375 0.00234375 0.0171875 0.0046875
1 0.28515625 0.00625 0.0171875 0.0125
3 0.325 0.06796875 0.03046875 0.07890625