1 0.459375 0.33125 0.04921875 0.08984375
1 0.34765625 0.196875 0.03515625 0.0578125
1 0.33984375 0.14453125 0.0296875 0.04609375
1 0.3296875 0.0890625 0.0234375 0.04296875
1 0.3265625 0.0625 0.01796875 0.01953125
1 0.3234375 0.0421875 0.01796875 0.025
1 0.3640625 0.0640625 0.01796875 0.02890625
1 0.35 0.028125 0.0171875 0.02734375
1 0.2953125 0.03359375 0.0171875 0.03046875
1 0.21640625 0.44375 0.0734375 0.1265625
1 0.3203125 0.5890625 0.0828125 0.1703125
1 0.48984375 0.49140625 0.0625 0.1453125
1 0.3359375 0.4265625 0.0546875 0.11875
1 0.23984375 0.1578125 0.03125 0.059375
4 0.33671875 0.3125 0.04375 0.09921875
4 0.38125 0.084375 0.02890625 0.0578125
4 0.415625 0.20390625 0.0390625 0.071875
1 0.3484375 0.25625 0.04140625 0.08125
1 0.3953125 0.140625 0.0328125 0.05234375
1 0.29453125 0.06953125 0.02265625 0.03125
1 0.29140625 0.146875 0.028125 0.0484375
1 0.33984375 0.00859375 0.01640625 0.0171875
1 0.21640625 0.8984375 0.1359375 0.203125
1 0.04296875 0.91328125 0.0859375 0.1703125