4 0.321875 0.41640625 0.07109375 0.1640625
4 0.25234375 0.725 0.1578125 0.4484375
4 0.50390625 0.703125 0.090625 0.2578125
4 0.4640625 0.3359375 0.0578125 0.12890625
4 0.3328125 0.1015625 0.03125 0.07421875
1 0.34296875 0.30078125 0.04375 0.08828125
1 0.26953125 0.27109375 0.04453125 0.08359375
1 0.34765625 0.228125 0.03984375 0.0671875
1 0.29140625 0.1515625 0.02890625 0.053125
1 0.32890625 0.0578125 0.0203125 0.02421875
4 0.3203125 0.03125 0.0140625 0.03515625
4 0.31640625 0.01484375 0.0125 0.0265625
1 0.23984375 0.15859375 0.034375 0.059375
1 0.78203125 0.928125 0.11796875 0.14375
1 0.29140625 0.09453125 0.02578125 0.04296875
2 0.27109375 0.4234375 0.0328125 0.1
2 0.29296875 0.040625 0.00859375 0.03046875
1 0.29296875 0.01484375 0.01796875 0.02265625
3 0.43359375 0.20703125 0.0625 0.11328125
4 0.19609375 0.490625 0.09765625 0.1859375