4 0.07578125 0.81953125 0.1515625 0.3359375
4 0.2671875 0.6671875 0.12421875 0.28359375
4 0.48125 0.4078125 0.0671875 0.1546875
4 0.34140625 0.15546875 0.03984375 0.09453125
4 0.3296875 0.06875 0.021875 0.04375
4 0.32421875 0.04140625 0.0171875 0.03046875
1 0.22265625 0.4296875 0.07421875 0.12265625
1 0.3375 0.4 0.05703125 0.12109375
1 0.35 0.26640625 0.040625 0.0765625
1 0.28828125 0.2421875 0.03828125 0.06875
1 0.240625 0.15625 0.03359375 0.0625
1 0.2890625 0.1625 0.0328125 0.06015625
2 0.29609375 0.09765625 0.01015625 0.0421875
1 0.29453125 0.05859375 0.0203125 0.0359375
1 0.3375 0.0984375 0.02734375 0.03203125
1 0.34453125 0.0109375 0.0171875 0.021875
4 0.290625 0.02421875 0.02109375 0.0265625
1 0.3234375 0.02265625 0.01875 0.02265625
1 0.3171875 0.009375 0.01640625 0.01796875
1 0.48828125 0.58828125 0.0734375 0.18125
3 0.44140625 0.22890625 0.06640625 0.12421875