1 0.49140625 0.65546875 0.09140625 0.21015625
1 0.2671875 0.503125 0.07421875 0.14765625
1 0.45234375 0.35078125 0.0625 0.10859375
1 0.42734375 0.2546875 0.04453125 0.0765625
1 0.39921875 0.18125 0.04140625 0.06953125
1 0.253125 0.2015625 0.04140625 0.075
1 0.203125 0.128125 0.03515625 0.06171875
1 0.290625 0.04765625 0.021875 0.04140625
1 0.25546875 0.0234375 0.0203125 0.034375
1 0.253125 0.00625 0.01875 0.0125
1 0.36015625 0.0859375 0.0265625 0.046875
1 0.34453125 0.059375 0.02578125 0.046875
1 0.28828125 0.0078125 0.0171875 0.015625
4 0.30703125 0.246875 0.0453125 0.09921875
4 0.37578125 0.1078125 0.03203125 0.06171875
4 0.2609375 0.084375 0.028125 0.0578125
2 0.27265625 0.01015625 0.01015625 0.0203125
1 0.32578125 0.0203125 0.0265625 0.040625