1 0.490625 0.56015625 0.06640625 0.15
1 0.2921875 0.7171875 0.10390625 0.23515625
1 0.325 0.50546875 0.065625 0.14296875
1 0.21640625 0.4703125 0.078125 0.1375
1 0.34921875 0.30546875 0.046875 0.09375
1 0.41796875 0.19296875 0.0359375 0.06015625
1 0.34921875 0.2171875 0.0359375 0.065625
1 0.2875 0.2203125 0.03828125 0.05859375
1 0.23984375 0.15703125 0.03203125 0.05859375
1 0.34453125 0.16953125 0.034375 0.0515625
1 0.378125 0.09921875 0.01875 0.0359375
1 0.2921875 0.09453125 0.025 0.03984375
1 0.32890625 0.07421875 0.02109375 0.02109375
1 0.32734375 0.05546875 0.01953125 0.01875
1 0.36328125 0.06328125 0.0203125 0.034375
1 0.35078125 0.0328125 0.0171875 0.0265625
3 0.31640625 0.0171875 0.0203125 0.034375
4 0.2921875 0.02109375 0.0171875 0.03046875
4 0.33046875 0.103125 0.02578125 0.0421875
4 0.33671875 0.12890625 0.028125 0.05
4 0.3953125 0.125 0.03515625 0.07109375
4 0.33125 0.3890625 0.053125 0.12265625
4 0.43671875 0.26484375 0.04609375 0.0875