4 0.18515625 0.8359375 0.21015625 0.328125
4 0.146875 0.6234375 0.125 0.2453125
4 0.30234375 0.5125 0.09453125 0.2046875
4 0.46875 0.35859375 0.0625 0.13671875
4 0.33671875 0.13203125 0.03671875 0.08984375
1 0.290625 0.19609375 0.03125 0.0578125
1 0.48515625 0.5046875 0.06015625 0.1515625
4 0.50703125 0.84765625 0.11171875 0.30390625
1 0.34140625 0.3328125 0.0484375 0.096875
1 0.34765625 0.24453125 0.03984375 0.07421875
1 0.2890625 0.1265625 0.028125 0.046875
1 0.240625 0.15625 0.03203125 0.0578125
1 0.33203125 0.08046875 0.0203125 0.02890625
1 0.29296875 0.03671875 0.01796875 0.025
1 0.253125 0.340625 0.0546875 0.1046875
1 0.32421875 0.05234375 0.01875 0.034375
1 0.31953125 0.028125 0.01640625 0.02421875
2 0.29453125 0.0671875 0.009375 0.03125
2 0.2109375 0.62890625 0.05078125 0.10859375
3 0.43671875 0.2171875 0.0625 0.12109375