1 0.4921875 0.7640625 0.09765625 0.26875
1 0.265625 0.68125 0.1109375 0.25
1 0.48828125 0.45546875 0.06328125 0.153125
1 0.46171875 0.2875 0.05234375 0.0984375
1 0.2234375 0.11640625 0.034375 0.06015625
1 0.32109375 0.0546875 0.02578125 0.03984375
1 0.3625 0.02734375 0.02109375 0.03359375
1 0.36953125 0.0515625 0.028125 0.04921875
1 0.38515625 0.0828125 0.028125 0.04609375
1 0.28203125 0.05625 0.028125 0.0453125
1 0.28125 0.0234375 0.02109375 0.03671875
4 0.27890625 0.0046875 0.0234375 0.009375
4 0.275 0.11796875 0.040625 0.08828125
4 0.334375 0.1375 0.0390625 0.0703125
4 0.40390625 0.11640625 0.03125 0.06953125
4 0.4296875 0.1640625 0.04453125 0.08671875
4 0.2578125 0.28359375 0.06328125 0.128125
1 0.315625 0.01640625 0.0234375 0.0328125
3 0.33203125 0.28359375 0.07578125 0.225