1 0.03515625 0.92421875 0.0703125 0.1515625
1 0.4953125 0.9265625 0.103125 0.146875
1 0.234375 0.87109375 0.14921875 0.2578125
1 0.3140625 0.528125 0.075 0.159375
1 0.23515625 0.3828125 0.07421875 0.11640625
1 0.34609375 0.31640625 0.0515625 0.11171875
1 0.34609375 0.20234375 0.040625 0.0703125
1 0.43046875 0.19296875 0.04375 0.07109375
1 0.38515625 0.0859375 0.0234375 0.04453125
1 0.28359375 0.11796875 0.03203125 0.05703125
1 0.22890625 0.125 0.03359375 0.0609375
1 0.3421875 0.15 0.0359375 0.0546875
1 0.36875 0.0421875 0.02265625 0.0375
1 0.3546875 0.0125 0.02109375 0.025
1 0.32421875 0.0390625 0.02265625 0.0203125
1 0.3234375 0.02265625 0.02109375 0.01796875
3 0.284375 0.00859375 0.021875 0.0171875
3 0.3140625 0.00625 0.025 0.0125
4 0.45234375 0.28046875 0.05234375 0.1078125
4 0.3234375 0.39453125 0.06015625 0.13515625
4 0.4046875 0.11328125 0.040625 0.08359375