3 0.159375 0.8890625 0.2015625 0.22109375
1 0.8703125 0.6453125 0.1296875 0.23203125
1 0.48515625 0.575 0.071875 0.16953125
1 0.27421875 0.6484375 0.08984375 0.190625
1 0.1140625 0.66328125 0.12421875 0.209375
1 0.32734375 0.4390625 0.06328125 0.1265625
1 0.45390625 0.33203125 0.05625 0.090625
1 0.3265625 0.31484375 0.0453125 0.08671875
1 0.2609375 0.24375 0.03984375 0.07734375
1 0.2140625 0.15 0.0328125 0.06015625
1 0.41640625 0.2109375 0.040625 0.06640625
1 0.39609375 0.16640625 0.03125 0.05234375
1 0.32421875 0.18203125 0.0359375 0.06484375
1 0.265625 0.11328125 0.028125 0.04453125
1 0.26875 0.0640625 0.02109375 0.03515625
1 0.315625 0.10703125 0.0265625 0.04609375
1 0.35 0.05234375 0.021875 0.0359375
1 0.309375 0.07109375 0.021875 0.0390625
4 0.3234375 0.2296875 0.03828125 0.08125
4 0.3609375 0.1 0.02734375 0.0484375
4 0.33671875 0.01953125 0.0234375 0.0390625
4 0.30546875 0.034375 0.01953125 0.03515625
1 0.303125 0.0125 0.01640625 0.025