1 0.459375 0.93671875 0.11171875 0.1265625
1 0.27578125 0.4765625 0.07109375 0.1484375
1 0.45546875 0.4796875 0.06171875 0.1453125
1 0.29921875 0.25078125 0.04296875 0.0765625
1 0.3953125 0.21328125 0.03984375 0.07734375
1 0.37734375 0.1734375 0.0390625 0.06796875
1 0.365625 0.13984375 0.03203125 0.05859375
1 0.19140625 0.14296875 0.03515625 0.06640625
1 0.33359375 0.06640625 0.0265625 0.0453125
1 0.31796875 0.0296875 0.02265625 0.04140625
1 0.30859375 0.009375 0.01796875 0.01796875
4 0.44453125 0.33515625 0.06015625 0.13046875
4 0.42109375 0.27421875 0.04375 0.1046875
3 0.27890625 0.0203125 0.03203125 0.040625