1 0.02578125 0.878125 0.0515625 0.24296875
1 0.440625 0.5328125 0.0734375 0.1625
1 0.4234375 0.375 0.05390625 0.11328125
1 0.26875 0.20703125 0.040625 0.06953125
1 0.16328125 0.15546875 0.0359375 0.0671875
1 0.3328125 0.12265625 0.0296875 0.05078125
1 0.3171875 0.0921875 0.028125 0.05
1 0.2921875 0.021875 0.01875 0.0296875
1 0.24921875 0.0125 0.01640625 0.025
1 0.2671875 0.0953125 0.02578125 0.04765625
1 0.21796875 0.0859375 0.02734375 0.04609375
1 0.21796875 0.1359375 0.0328125 0.053125
4 0.26171875 0.05390625 0.02578125 0.04453125
4 0.35546875 0.1578125 0.0375 0.0734375
4 0.19765625 0.31640625 0.0578125 0.115625
2 0.2453125 0.13046875 0.01640625 0.05390625
1 0.38515625 0.26171875 0.05234375 0.084375
3 0.3015625 0.05859375 0.0296875 0.04921875