4 0.290625 0.45546875 0.07890625 0.18203125
4 0.2125 0.7734375 0.175 0.453125
4 0.49375 0.7734375 0.10078125 0.2859375
4 0.44921875 0.365625 0.0640625 0.14296875
4 0.303125 0.10546875 0.034375 0.0828125
1 0.3140625 0.3265625 0.04921875 0.0984375
1 0.2328125 0.29375 0.05 0.09296875
1 0.31875 0.2453125 0.04453125 0.07421875
1 0.25703125 0.1609375 0.03203125 0.05859375
1 0.29921875 0.05625 0.02265625 0.0265625
4 0.2890625 0.02734375 0.015625 0.0390625
4 0.284375 0.0109375 0.0140625 0.021875
1 0.2 0.16796875 0.0375 0.065625
1 0.8015625 0.97109375 0.13125 0.05703125
1 0.25703125 0.09765625 0.028125 0.04765625
2 0.234375 0.46328125 0.0359375 0.1109375
2 0.259375 0.0375 0.009375 0.03359375
1 0.25859375 0.0109375 0.0203125 0.021875
3 0.41484375 0.22265625 0.06953125 0.1265625
4 0.1515625 0.5375 0.1078125 0.20625