1 0.76875 0.8265625 0.13125 0.309375
1 0.4921875 0.43203125 0.053125 0.12421875
1 0.4671875 0.31875 0.05078125 0.09921875
1 0.3515625 0.23125 0.0359375 0.07734375
1 0.24296875 0.1421875 0.03203125 0.06015625
1 0.2625 0.30859375 0.05234375 0.09140625
1 0.28671875 0.1890625 0.0328125 0.06328125
1 0.4078125 0.1390625 0.03125 0.04921875
1 0.3921875 0.1046875 0.0296875 0.04375
1 0.3390625 0.09375 0.02734375 0.040625
1 0.33046875 0.065625 0.02265625 0.0375
1 0.3671875 0.040625 0.02109375 0.02265625
1 0.35859375 0.01640625 0.01796875 0.02578125
1 0.32421875 0.0234375 0.01640625 0.02578125
1 0.321875 0.00625 0.015625 0.0125
4 0.35078125 0.15 0.034375 0.0671875
4 0.44296875 0.196875 0.03828125 0.075
4 0.2953125 0.0125 0.01875 0.025
1 0.5015625 0.63671875 0.0859375 0.20078125
1 0.24921875 0.66171875 0.10390625 0.20546875
2 0.221875 0.49140625 0.03984375 0.12109375
1 0.3515625 0.00390625 0.015625 0.0078125
3 0.37421875 0.0734375 0.0265625 0.0421875