1 0.0328125 0.92734375 0.065625 0.1421875
1 0.215625 0.85625 0.146875 0.2875
1 0.4921875 0.90234375 0.13203125 0.1953125
1 0.5 0.58828125 0.07734375 0.1875
1 0.20234375 0.45625 0.07890625 0.13984375
1 0.434375 0.3171875 0.0375 0.08203125
1 0.41953125 0.25546875 0.04140625 0.07109375
1 0.26328125 0.23125 0.03984375 0.065625
1 0.21484375 0.1671875 0.034375 0.0625
1 0.32734375 0.1875 0.034375 0.0609375
1 0.32265625 0.125 0.0265625 0.04609375
1 0.359375 0.090625 0.02421875 0.040625
1 0.34765625 0.06640625 0.02265625 0.03515625
1 0.3421875 0.04453125 0.02265625 0.03125
1 0.2703125 0.07890625 0.02265625 0.04296875
1 0.2703125 0.0453125 0.0171875 0.02734375
1 0.4015625 0.2 0.03515625 0.06015625
4 0.328125 0.29765625 0.05 0.10078125
4 0.31328125 0.5078125 0.07265625 0.17421875
4 0.46875 0.37265625 0.07109375 0.1734375
4 0.3859375 0.14140625 0.0328125 0.06640625
4 0.37421875 0.11640625 0.025 0.05234375
3 0.31015625 0.0734375 0.03515625 0.08515625
4 0.28359375 0.01640625 0.025 0.0328125