3 0.196875 0.73671875 0.29375 0.5265625
1 0.50078125 0.78359375 0.10078125 0.296875
4 0.746875 0.95 0.121875 0.1
1 0.340625 0.36015625 0.05234375 0.10546875
1 0.23984375 0.15859375 0.0328125 0.0609375
1 0.44921875 0.26640625 0.04765625 0.07421875
1 0.4296875 0.21484375 0.0375 0.059375
1 0.41015625 0.17265625 0.03515625 0.05859375
1 0.37578125 0.08671875 0.02265625 0.0359375
1 0.3609375 0.0609375 0.021875 0.03984375
1 0.33125 0.071875 0.01953125 0.03515625
1 0.290625 0.0328125 0.0171875 0.02734375
1 0.34140625 0.0140625 0.01953125 0.028125
4 0.3234375 0.03828125 0.02109375 0.03359375
1 0.490625 0.48125 0.06484375 0.140625
1 0.4734375 0.3640625 0.0546875 0.09921875
1 0.29375 0.009375 0.01484375 0.01796875