1 0.4984375 0.6921875 0.0875 0.22109375
1 0.17265625 0.56171875 0.09296875 0.171875
1 0.3265625 0.4125 0.05859375 0.12890625
1 0.48671875 0.475 0.059375 0.1296875
1 0.46640625 0.3515625 0.05390625 0.1046875
1 0.95234375 0.46796875 0.0953125 0.12734375
1 0.33984375 0.16484375 0.0328125 0.05234375
1 0.2390625 0.1578125 0.03203125 0.05390625
1 0.4078125 0.1671875 0.03046875 0.053125
1 0.39375 0.13125 0.0296875 0.05234375
1 0.33359375 0.115625 0.028125 0.0453125
1 0.321875 0.03203125 0.01796875 0.0296875
1 0.3171875 0.01484375 0.0140625 0.02265625
1 0.32421875 0.059375 0.01875 0.03359375
1 0.34375 0.01328125 0.01484375 0.02421875
1 0.3515625 0.0234375 0.015625 0.02109375
1 0.35859375 0.04296875 0.0203125 0.021875
1 0.25859375 0.325 0.0546875 0.090625
1 0.36796875 0.06484375 0.021875 0.02421875
1 0.2921875 0.0109375 0.0171875 0.01484375
4 0.2921875 0.05234375 0.02578125 0.04921875
4 0.34921875 0.25390625 0.04453125 0.096875
4 0.4484375 0.234375 0.04375 0.0875
3 0.3734375 0.09453125 0.0296875 0.046875