1 0.49296875 0.70859375 0.08671875 0.25859375
1 0.2890625 0.52265625 0.07421875 0.16171875
1 0.24140625 0.15625 0.03203125 0.065625
1 0.3375 0.19765625 0.03125 0.059375
1 0.33125 0.1375 0.02734375 0.04765625
1 0.37734375 0.08125 0.02421875 0.04140625
1 0.3328125 0.0828125 0.02265625 0.0390625
1 0.35703125 0.046875 0.01953125 0.03515625
1 0.3234375 0.04296875 0.01875 0.03046875
4 0.29296875 0.06640625 0.02421875 0.04921875
1 0.29375 0.03125 0.0171875 0.02421875
1 0.31640625 0.01171875 0.015625 0.0234375