1 0.1921875 0.88671875 0.14609375 0.2265625
1 0.4140625 0.1890625 0.0375 0.05390625
1 0.29296875 0.15859375 0.03125 0.05390625
1 0.23984375 0.15625 0.0296875 0.05703125
1 0.3796875 0.096875 0.02734375 0.04296875
1 0.33046875 0.09140625 0.0234375 0.0390625
1 0.29140625 0.078125 0.021875 0.03515625
1 0.525 0.73828125 0.08359375 0.2359375
1 0.31640625 0.48515625 0.071875 0.13984375
1 0.340625 0.2671875 0.0421875 0.07734375
1 0.478125 0.3515625 0.053125 0.11015625
3 0.31640625 0.0078125 0.01953125 0.015625