1 0.51171875 0.6546875 0.0859375 0.1984375
1 0.30078125 0.51171875 0.06953125 0.1390625
1 0.475 0.36796875 0.05859375 0.10234375
1 0.4515625 0.27734375 0.0421875 0.071875
1 0.42421875 0.20859375 0.0390625 0.065625
1 0.2875 0.22734375 0.0390625 0.07109375
1 0.23984375 0.1578125 0.03359375 0.0578125
1 0.321875 0.0828125 0.0203125 0.0390625
1 0.2890625 0.059375 0.01953125 0.03203125
1 0.2875 0.03828125 0.0171875 0.02421875
1 0.3875 0.11875 0.025 0.04453125
1 0.3734375 0.09375 0.02421875 0.04453125
1 0.3453125 0.0171875 0.015625 0.0234375
1 0.3203125 0.03984375 0.01640625 0.02734375
4 0.3375 0.2703125 0.04296875 0.09375
4 0.40234375 0.1390625 0.0296875 0.0578125
4 0.29375 0.1171875 0.0265625 0.0546875
2 0.30625 0.04140625 0.009375 0.0328125
1 0.31875 0.0171875 0.01484375 0.02578125
1 0.35625 0.05703125 0.0265625 0.040625