1 0.10234375 0.74609375 0.13359375 0.2390625
1 0.496875 0.6546875 0.0828125 0.21015625
1 0.34453125 0.38359375 0.06171875 0.125
1 0.22265625 0.47578125 0.0796875 0.16015625
1 0.35703125 0.26171875 0.04375 0.08671875
1 0.346875 0.1859375 0.034375 0.06484375
1 0.340625 0.12890625 0.0296875 0.0515625
1 0.2359375 0.13671875 0.03359375 0.059375
1 0.42578125 0.1828125 0.03359375 0.0515625
1 0.41015625 0.14921875 0.0328125 0.05390625
1 0.39375 0.11640625 0.03203125 0.04609375
1 0.290625 0.0390625 0.0234375 0.03515625
1 0.38359375 0.0671875 0.0265625 0.04765625
1 0.365625 0.03671875 0.025 0.03515625
1 0.35703125 0.0140625 0.01953125 0.028125
1 0.79140625 0.85703125 0.1328125 0.2859375
0 0.32890625 0.04609375 0.040625 0.0921875
4 0.25078125 0.34765625 0.05546875 0.1234375
4 0.26796875 0.74296875 0.12421875 0.30546875
4 0.5015625 0.46953125 0.0765625 0.1765625
1 0.453125 0.24296875 0.0453125 0.07578125
3 0.4859375 0.32265625 0.084375 0.1734375