1 0.5015625 0.88828125 0.1203125 0.2234375
1 0.3078125 0.41484375 0.06796875 0.1515625
1 0.48828125 0.5296875 0.06640625 0.15703125
1 0.46875 0.37578125 0.059375 0.121875
1 0.2265625 0.12734375 0.034375 0.06171875
1 0.33515625 0.21796875 0.0421875 0.07421875
1 0.32421875 0.09921875 0.028125 0.04765625
1 0.3953125 0.1234375 0.0359375 0.0578125
1 0.32109375 0.04765625 0.021875 0.0359375
1 0.3125 0.0171875 0.01875 0.03125
1 0.34140625 0.00390625 0.01640625 0.00703125
1 0.34921875 0.0109375 0.0171875 0.0203125
1 0.3578125 0.03046875 0.0234375 0.028125
1 0.28203125 0.0328125 0.0203125 0.034375
1 0.4125 0.16640625 0.0359375 0.05703125
4 0.45625 0.25078125 0.0484375 0.0984375
4 0.27421875 0.1515625 0.0421875 0.08203125
3 0.3734375 0.08515625 0.03515625 0.05390625
4 0.21171875 0.83671875 0.1546875 0.3265625
1 0.3671875 0.05078125 0.0203125 0.02734375