4 0.17734375 0.35078125 0.09921875 0.2078125
4 0.28203125 0.3265625 0.0703125 0.1484375
4 0.42890625 0.20625 0.05546875 0.11484375
4 0.4 0.1359375 0.04375 0.0859375
3 0.1453125 0.7671875 0.25 0.465625
1 0.82421875 0.6859375 0.15390625 0.2765625
1 0.46015625 0.76953125 0.10390625 0.28203125
1 0.465625 0.52265625 0.0765625 0.18828125
1 0.45234375 0.3671875 0.06171875 0.134375
1 0.1890625 0.078125 0.03359375 0.06484375
1 0.24609375 0.121875 0.03828125 0.06796875
1 0.3 0.10390625 0.03359375 0.06015625
1 0.37109375 0.08515625 0.034375 0.06015625
1 0.34296875 0.0234375 0.0328125 0.046875
1 0.3328125 0.0046875 0.0265625 0.009375
1 0.24921875 0.0546875 0.02734375 0.04921875
4 0.29375 0.0296875 0.028125 0.05546875
4 0.246875 0.015625 0.0296875 0.03046875