1 0.0484375 0.875 0.096875 0.24921875
1 0.246875 0.68046875 0.109375 0.24296875
1 0.46953125 0.5203125 0.075 0.1796875
1 0.453125 0.3421875 0.0578125 0.10625
1 0.19921875 0.421875 0.07578125 0.1328125
1 0.4265625 0.26640625 0.04921875 0.08046875
1 0.40703125 0.2 0.04140625 0.065625
1 0.3828125 0.1421875 0.0328125 0.05625
1 0.35390625 0.07265625 0.02734375 0.04296875
1 0.2046875 0.13984375 0.03203125 0.06328125
1 0.2921875 0.0296875 0.0203125 0.028125
1 0.31875 0.0046875 0.01328125 0.00859375
4 0.32890625 0.0140625 0.01796875 0.028125
1 0.4671875 0.95 0.109375 0.1
1 0.31796875 0.284375 0.04609375 0.08359375
3 0.3078125 0.0890625 0.04609375 0.11171875