1 0.12890625 0.70234375 0.13359375 0.2515625
1 0.25 0.81953125 0.11328125 0.2703125
4 0.503125 0.6640625 0.0875 0.24765625
4 0.3046875 0.515625 0.1015625 0.29453125
4 0.3359375 0.33359375 0.06328125 0.13125
4 0.28125 0.2359375 0.046875 0.090625
2 0.30546875 0.16953125 0.01328125 0.04765625
4 0.4421875 0.26484375 0.0484375 0.1
4 0.95390625 0.45859375 0.0890625 0.125
1 0.47578125 0.39296875 0.0546875 0.1171875
1 0.34453125 0.215625 0.03671875 0.0671875
1 0.24140625 0.15703125 0.03203125 0.06171875
1 0.28984375 0.11953125 0.02734375 0.04140625
1 0.33984375 0.13125 0.028125 0.05078125
3 0.41796875 0.1734375 0.05546875 0.10234375
1 0.29296875 0.04140625 0.01875 0.02890625
1 0.29296875 0.01484375 0.0203125 0.01875
4 0.321875 0.0296875 0.02109375 0.04921875