1 0.49609375 0.69921875 0.08125 0.20859375
1 0.23125 0.79609375 0.125 0.3015625
1 0.47734375 0.43203125 0.0625 0.13359375
1 0.3375 0.38125 0.05703125 0.10859375
1 0.23984375 0.15625 0.03203125 0.06328125
1 0.33984375 0.18359375 0.02734375 0.05390625
1 0.42578125 0.209375 0.03984375 0.05546875
1 0.4078125 0.16171875 0.0328125 0.0546875
1 0.3359375 0.11328125 0.0265625 0.04453125
1 0.32890625 0.07734375 0.0203125 0.0359375
1 0.37890625 0.090625 0.021875 0.0234375
1 0.353125 0.0359375 0.015625 0.0234375
1 0.3625 0.05078125 0.0171875 0.0234375
1 0.371875 0.071875 0.02265625 0.02421875
3 0.38359375 0.121875 0.0328125 0.0515625
4 0.3203125 0.02734375 0.0203125 0.03828125
3 0.25546875 0.33828125 0.07109375 0.13203125
4 0.465625 0.2875 0.0484375 0.10078125
1 0.28984375 0.11171875 0.0265625 0.0390625
1 0.28828125 0.03203125 0.01796875 0.0265625
1 0.2921875 0.0125 0.01484375 0.01640625