1 0.225 0.684375 0.10234375 0.209375
1 0.4703125 0.4078125 0.05390625 0.1109375
1 0.2703125 0.2796875 0.04609375 0.0859375
1 0.2328125 0.15703125 0.03046875 0.05859375
1 0.39765625 0.14140625 0.0296875 0.04375
1 0.3265625 0.103125 0.02421875 0.04140625
1 0.32109375 0.06640625 0.01953125 0.03125
1 0.365625 0.07109375 0.02109375 0.034375
1 0.315625 0.04765625 0.01875 0.0296875
1 0.31328125 0.02265625 0.0171875 0.0265625
1 0.33125 0.00546875 0.0140625 0.0109375
1 0.2828125 0.10625 0.01953125 0.03828125