4 0.0234375 0.909375 0.046875 0.18125
4 0.34140625 0.1875 0.03359375 0.0765625
4 0.34609375 0.0078125 0.02109375 0.015625
3 0.19140625 0.846875 0.196875 0.30546875
1 0.30078125 0.58125 0.08359375 0.16953125
1 0.48359375 0.41640625 0.05625 0.11640625
1 0.23359375 0.1390625 0.03125 0.0578125
1 0.3375 0.14609375 0.034375 0.053125
1 0.41875 0.1703125 0.03515625 0.059375
1 0.3421875 0.2671875 0.04296875 0.08046875
1 0.3671875 0.0671875 0.025 0.04296875
1 0.3578125 0.028125 0.02265625 0.0328125
1 0.32734375 0.06875 0.02421875 0.0359375
1 0.2875 0.059375 0.0234375 0.03671875
1 0.28515625 0.14453125 0.03359375 0.059375
1 0.2875 0.0234375 0.01875 0.02890625
1 0.32265625 0.03515625 0.021875 0.034375
4 0.31640625 0.00859375 0.0171875 0.0171875
1 0.23671875 0.37890625 0.0671875 0.11328125
1 0.3453125 0.384375 0.05859375 0.11171875
1 0.44765625 0.25078125 0.0484375 0.071875
1 0.39921875 0.12890625 0.03203125 0.05078125