1 0.51875 0.94296875 0.10859375 0.11328125
1 0.4890625 0.50234375 0.06640625 0.14140625
1 0.46796875 0.3328125 0.053125 0.0875
1 0.3375 0.2890625 0.0421875 0.0734375
1 0.44296875 0.2546875 0.040625 0.06640625
1 0.41875 0.19765625 0.03984375 0.0671875
1 0.28984375 0.1421875 0.03046875 0.05625
1 0.240625 0.15859375 0.034375 0.05859375
1 0.31796875 0.04921875 0.01953125 0.02578125
1 0.3703125 0.0875 0.02421875 0.03828125
1 0.384375 0.11484375 0.02265625 0.03984375
1 0.29140625 0.03359375 0.01484375 0.02734375
4 0.29453125 0.07578125 0.02421875 0.040625
1 0.35390625 0.04765625 0.0234375 0.03984375
4 0.3359375 0.1703125 0.03515625 0.0703125
4 0.4015625 0.13359375 0.0328125 0.0546875
1 0.31796875 0.01953125 0.0140625 0.021875
1 0.340625 0.0078125 0.015625 0.015625
2 0.30390625 0.01484375 0.00859375 0.02578125