4 0.22890625 0.40625 0.08984375 0.18828125
4 0.32421875 0.384375 0.0640625 0.13515625
4 0.4578125 0.275 0.05078125 0.1046875
4 0.43125 0.2109375 0.03984375 0.078125
3 0.20078125 0.7875 0.22734375 0.425
1 0.81796875 0.71015625 0.13984375 0.25078125
1 0.48671875 0.78671875 0.09453125 0.25625
1 0.490625 0.5625 0.0703125 0.17109375
1 0.47890625 0.42109375 0.05625 0.121875
1 0.23984375 0.1578125 0.03125 0.059375
1 0.29140625 0.19765625 0.03515625 0.06171875
1 0.340625 0.18203125 0.03046875 0.0546875
1 0.4046875 0.16484375 0.03125 0.0546875
1 0.38046875 0.1078125 0.0296875 0.04609375
1 0.37109375 0.07890625 0.02421875 0.03515625
1 0.29453125 0.1375 0.025 0.04453125
1 0.32890625 0.071875 0.0203125 0.03046875
1 0.3234375 0.04140625 0.01796875 0.0296875
1 0.3390625 0.0078125 0.015625 0.015625
4 0.33515625 0.1140625 0.02578125 0.05
4 0.2921875 0.0921875 0.02734375 0.0484375