1 0.85546875 0.609375 0.11953125 0.190625
1 0.2078125 0.44140625 0.07890625 0.12421875
1 0.328125 0.32734375 0.04765625 0.0921875
1 0.25859375 0.2796875 0.04609375 0.0828125
1 0.45546875 0.33046875 0.05546875 0.09296875
3 0.30625 0.03203125 0.03046875 0.0640625
1 0.08515625 0.790625 0.128125 0.31171875
1 0.4765625 0.734375 0.09453125 0.2515625
1 0.2765625 0.62109375 0.0890625 0.1984375
1 0.47421875 0.47421875 0.06640625 0.15078125
1 0.425 0.24765625 0.04375 0.07265625
1 0.328125 0.22421875 0.0390625 0.07578125
1 0.396875 0.1703125 0.03515625 0.05625
1 0.27578125 0.159375 0.03203125 0.05625
1 0.221875 0.15625 0.03359375 0.06171875
1 0.321875 0.11171875 0.02578125 0.04375
1 0.3671875 0.08828125 0.02265625 0.03671875
1 0.34140625 0.0390625 0.02265625 0.03125
1 0.3265625 0.0046875 0.015625 0.009375
1 0.73046875 0.88125 0.159375 0.2375