4 0.14453125 0.88203125 0.19375 0.2359375
4 0.95625 0.45390625 0.0875 0.17265625
4 0.46796875 0.44296875 0.08046875 0.19140625
4 0.3125 0.14140625 0.04296875 0.1109375
1 0.24375 0.26796875 0.05234375 0.09296875
1 0.31953125 0.284375 0.05078125 0.0953125
1 0.125 0.55078125 0.11015625 0.19140625
1 0.25390625 0.1640625 0.03984375 0.0734375
1 0.2015625 0.1140625 0.03515625 0.065625
1 0.25859375 0.04453125 0.021875 0.03671875
2 0.26328125 0.090625 0.015625 0.0515625
4 0.30078125 0.0421875 0.02421875 0.04765625
4 0.29453125 0.021875 0.025 0.0421875
1 0.30859375 0.0765625 0.03515625 0.03515625
4 0.2546875 0.00859375 0.021875 0.01640625
3 0.42421875 0.2109375 0.07265625 0.1375
1 0.29140625 0.5171875 0.07734375 0.17578125
1 0.46640625 0.61171875 0.0796875 0.2046875