1 0.32265625 0.475 0.059375 0.14375
1 0.48046875 0.4171875 0.05859375 0.1171875
1 0.0421875 0.93515625 0.084375 0.12890625
1 0.19453125 0.9421875 0.1265625 0.115625
1 0.2484375 0.36953125 0.06484375 0.1046875
1 0.240625 0.15703125 0.03203125 0.06171875
1 0.41015625 0.1828125 0.03515625 0.05078125
1 0.38671875 0.13984375 0.028125 0.04765625
1 0.384375 0.109375 0.025 0.0390625
1 0.37109375 0.08984375 0.02265625 0.04765625
4 0.3578125 0.04765625 0.0234375 0.0390625
1 0.3265625 0.07265625 0.02265625 0.03671875
1 0.32109375 0.03828125 0.01796875 0.02421875
1 0.31484375 0.01171875 0.01484375 0.02265625
4 0.2921875 0.01875 0.01953125 0.0375
3 0.29140625 0.09375 0.0359375 0.0671875
3 0.48203125 0.80703125 0.1484375 0.3859375
0 0.340625 0.1921875 0.0609375 0.17265625
1 0.43359375 0.24765625 0.03828125 0.06328125
4 0.1671875 0.6125 0.10390625 0.20703125