4 0.01484375 0.94609375 0.02890625 0.10703125
4 0.34375 0.21796875 0.0359375 0.08203125
4 0.34921875 0.0171875 0.02265625 0.03359375
3 0.18359375 0.8796875 0.21015625 0.23984375
1 0.30078125 0.6390625 0.0890625 0.18125
1 0.49609375 0.4625 0.06015625 0.125
1 0.2296875 0.165625 0.03359375 0.0625
1 0.33984375 0.1734375 0.03671875 0.05703125
1 0.42734375 0.19921875 0.0375 0.06328125
1 0.3453125 0.303125 0.04609375 0.0859375
1 0.371875 0.08828125 0.0265625 0.04609375
1 0.36171875 0.046875 0.02421875 0.03515625
1 0.32890625 0.090625 0.02578125 0.0390625
1 0.2859375 0.08046875 0.025 0.03984375
1 0.28359375 0.171875 0.0359375 0.06328125
1 0.28671875 0.04140625 0.0203125 0.03125
1 0.32421875 0.05390625 0.0234375 0.03671875
4 0.31796875 0.01875 0.01875 0.034375
1 0.2328125 0.421875 0.071875 0.12109375
1 0.3484375 0.428125 0.0625 0.11953125
1 0.4578125 0.28515625 0.0515625 0.07734375
1 0.40625 0.1546875 0.034375 0.0546875