1 0.0703125 0.853125 0.140625 0.29375
1 0.22421875 0.88515625 0.14375 0.22890625
1 0.8390625 0.7625 0.1171875 0.26484375
1 0.51484375 0.6671875 0.09375 0.27109375
4 0.30234375 0.5140625 0.1109375 0.32109375
4 0.3390625 0.33671875 0.065625 0.14609375
4 0.26328125 0.28359375 0.06484375 0.115625
4 0.46171875 0.26640625 0.05546875 0.115625
1 0.49140625 0.4 0.05859375 0.1328125
1 0.3515625 0.23203125 0.046875 0.0765625
1 0.35078125 0.14375 0.03359375 0.0609375
1 0.28828125 0.1296875 0.034375 0.0578125
1 0.24140625 0.1234375 0.0359375 0.06171875
1 0.2953125 0.03359375 0.0234375 0.040625
1 0.29375 0.0046875 0.021875 0.009375
4 0.32890625 0.021875 0.025 0.04375
2 0.30703125 0.2 0.02109375 0.06171875
3 0.4328125 0.15625 0.0625 0.1109375