1 0.05078125 0.9 0.10078125 0.19921875
1 0.24140625 0.821875 0.1359375 0.3109375
1 0.496875 0.87578125 0.121875 0.2484375
1 0.5046875 0.55078125 0.071875 0.17421875
1 0.22734375 0.42734375 0.0734375 0.1296875
1 0.44375 0.29765625 0.03515625 0.0765625
1 0.4296875 0.240625 0.0390625 0.06640625
1 0.284375 0.21796875 0.0375 0.06171875
1 0.2390625 0.15859375 0.03203125 0.0578125
1 0.34375 0.17734375 0.03203125 0.05625
1 0.3390625 0.11953125 0.025 0.04296875
1 0.3734375 0.08671875 0.02265625 0.0375
1 0.3625 0.0640625 0.02109375 0.0328125
1 0.3578125 0.04453125 0.02109375 0.02890625
1 0.29140625 0.0765625 0.02109375 0.03984375
1 0.29140625 0.0453125 0.01640625 0.02578125
1 0.41328125 0.1890625 0.0328125 0.05625
4 0.34453125 0.2796875 0.04609375 0.09375
4 0.33046875 0.47578125 0.0671875 0.1625
4 0.47578125 0.34921875 0.065625 0.1609375
4 0.3984375 0.134375 0.03046875 0.06171875
4 0.3875 0.1109375 0.0234375 0.0484375
3 0.32734375 0.07109375 0.0328125 0.0796875
4 0.30390625 0.0171875 0.0234375 0.034375