3 0.11953125 0.653125 0.19921875 0.35390625
1 0.27578125 0.6828125 0.1109375 0.23828125
1 0.47890625 0.69453125 0.07890625 0.225
1 0.46328125 0.33359375 0.05078125 0.10390625
1 0.34765625 0.21640625 0.03125 0.059375
1 0.28671875 0.1953125 0.0296875 0.046875
1 0.3375 0.1328125 0.02734375 0.05078125
1 0.28984375 0.03125 0.01640625 0.02890625
1 0.32578125 0.0609375 0.01953125 0.034375
1 0.23984375 0.15703125 0.02890625 0.05703125
4 0.246875 0.346875 0.08046875 0.1765625
4 0.2796875 0.25234375 0.04375 0.09375
4 0.4171875 0.19921875 0.046875 0.09375