3 0.08515625 0.78671875 0.1703125 0.42578125
3 0.4125 0.0625 0.0515625 0.084375
4 0.3328125 0.4515625 0.09375 0.28359375
4 0.3609375 0.18046875 0.05078125 0.10078125
4 0.30703125 0.08671875 0.03125 0.0671875
4 0.43984375 0.1421875 0.04375 0.084375
1 0.48984375 0.2765625 0.0515625 0.1
4 0.53671875 0.60703125 0.08828125 0.24140625
1 0.25625 0.41015625 0.078125 0.15
1 0.24765625 0.121875 0.03984375 0.065625
1 0.35 0.0640625 0.02890625 0.04765625
1 0.34296875 0.0125 0.02265625 0.025
1 0.3046875 0.0109375 0.02265625 0.021875
2 0.31171875 0.0390625 0.01015625 0.03515625
1 0.2796875 0.725 0.11015625 0.24375