1 0.49609375 0.565625 0.06796875 0.16171875
1 0.19140625 0.5546875 0.09765625 0.1859375
1 0.33828125 0.1796875 0.03125 0.0546875
1 0.23984375 0.15859375 0.03203125 0.05625
1 0.39140625 0.11953125 0.02734375 0.04140625
1 0.33359375 0.11796875 0.02578125 0.04140625
1 0.3296875 0.0875 0.0234375 0.0328125
1 0.32421875 0.05390625 0.0203125 0.0328125
1 0.34765625 0.03046875 0.01796875 0.028125
1 0.30546875 0.01484375 0.0140625 0.021875
1 0.33671875 0.0046875 0.0140625 0.009375
1 0.284375 0.17109375 0.0265625 0.0484375
1 0.4375 0.2140625 0.03671875 0.059375