0 0.88359375 0.49609375 0.2328125 0.39921875
1 0.25703125 0.35703125 0.0625 0.10703125
1 0.42265625 0.18203125 0.03671875 0.06484375
1 0.35390625 0.2875 0.04375 0.0765625
1 0.49140625 0.6203125 0.07734375 0.1953125
1 0.2875 0.153125 0.02890625 0.053125
1 0.240625 0.146875 0.0328125 0.0609375
1 0.29921875 0.1046875 0.025 0.04921875
1 0.3375 0.096875 0.02734375 0.0359375
1 0.33046875 0.06171875 0.0203125 0.03125
4 0.3203125 0.02109375 0.0171875 0.03515625
4 0.28828125 0.578125 0.11328125 0.30234375
4 0.278125 0.23671875 0.0421875 0.08671875
4 0.346875 0.2015625 0.03515625 0.075
4 0.3453125 0.15625 0.0328125 0.06171875
1 0.3421875 0.11953125 0.02890625 0.02734375
1 0.38984375 0.10234375 0.0296875 0.04140625
1 0.37265625 0.06875 0.02421875 0.0375
1 0.36171875 0.04609375 0.01953125 0.0296875
1 0.346875 0.0125 0.01796875 0.02421875
2 0.31796875 0.21875 0.015625 0.0578125
2 0.21875 0.4734375 0.03359375 0.1171875
4 0.490625 0.46015625 0.0765625 0.17421875
3 0.478125 0.32109375 0.084375 0.16953125
1 0.1046875 0.73828125 0.1453125 0.259375