1 0.48984375 0.55703125 0.06796875 0.15234375
1 0.28828125 0.71640625 0.10625 0.2390625
1 0.32109375 0.50078125 0.06640625 0.1453125
1 0.2109375 0.465625 0.0796875 0.13984375
1 0.34609375 0.2984375 0.04765625 0.0953125
1 0.415625 0.18359375 0.03671875 0.0609375
1 0.34609375 0.20859375 0.03671875 0.06640625
1 0.2828125 0.2109375 0.0390625 0.059375
1 0.234375 0.146875 0.0328125 0.059375
1 0.34140625 0.159375 0.03515625 0.05234375
1 0.375 0.08828125 0.01953125 0.03671875
1 0.28828125 0.08359375 0.025 0.040625
1 0.32578125 0.0625 0.02109375 0.02109375
1 0.32421875 0.04375 0.01953125 0.01875
1 0.36015625 0.0515625 0.0203125 0.03515625
1 0.34765625 0.0203125 0.0171875 0.02734375
3 0.31171875 0.0109375 0.0203125 0.021875
4 0.28671875 0.01171875 0.0171875 0.0234375
4 0.32734375 0.0921875 0.0265625 0.04296875
4 0.33359375 0.11796875 0.028125 0.05078125
4 0.39296875 0.11484375 0.03515625 0.07265625
4 0.328125 0.3828125 0.05390625 0.125
4 0.434375 0.25625 0.046875 0.0890625