1 0.48515625 0.6203125 0.07421875 0.18671875
1 0.31953125 0.54375 0.07734375 0.1625
1 0.22109375 0.48359375 0.0859375 0.1390625
1 0.27109375 0.309375 0.05234375 0.09375
2 0.29296875 0.221875 0.01484375 0.0578125
1 0.2890625 0.1703125 0.0328125 0.0578125
1 0.23984375 0.15859375 0.0328125 0.06171875
1 0.34375 0.17265625 0.0296875 0.046875
1 0.3296875 0.0765625 0.02109375 0.01875
1 0.29375 0.06640625 0.01796875 0.034375
1 0.29453125 0.034375 0.01640625 0.0328125
1 0.353125 0.046875 0.0171875 0.025
1 0.32265625 0.0359375 0.01640625 0.02421875
1 0.346875 0.02421875 0.0171875 0.028125
1 0.33515625 0.009375 0.0171875 0.01875
1 0.375 0.084375 0.0265625 0.0375
4 0.48671875 0.4640625 0.07265625 0.178125
4 0.34375 0.2484375 0.04921875 0.1296875
4 0.3390625 0.13359375 0.02578125 0.0515625
4 0.33359375 0.10859375 0.02734375 0.04765625
4 0.2875 0.11015625 0.028125 0.053125
1 0.3265625 0.0578125 0.0234375 0.0328125
2 0.3109375 0.06484375 0.009375 0.03125
3 0.46796875 0.31015625 0.07734375 0.1578125
1 0.02265625 0.94609375 0.0453125 0.10703125