4 0.0203125 0.93515625 0.040625 0.1296875
4 0.175 0.89921875 0.1484375 0.2015625
4 0.325 0.47265625 0.078125 0.1875
4 0.49609375 0.44375 0.07421875 0.1875
4 0.26171875 0.29375 0.0578125 0.10703125
1 0.44921875 0.2296875 0.0421875 0.07109375
1 0.49375 0.60859375 0.08125 0.19921875
1 0.89375 0.5328125 0.12421875 0.18046875
1 0.35234375 0.28046875 0.0484375 0.090625
1 0.35390625 0.20390625 0.0421875 0.07578125
1 0.34375 0.14296875 0.0296875 0.05078125
1 0.33671875 0.09609375 0.0265625 0.05
1 0.23828125 0.1265625 0.03203125 0.0625
1 0.42265625 0.171875 0.034375 0.0578125
1 0.40703125 0.13671875 0.03125 0.046875
1 0.39140625 0.1046875 0.0265625 0.04609375
1 0.37421875 0.040625 0.0234375 0.04609375
1 0.2921875 0.00859375 0.02109375 0.0171875
1 0.35625 0.0140625 0.0203125 0.025
0 0.3265625 0.03203125 0.0390625 0.06328125
3 0.4796875 0.3015625 0.0828125 0.1640625
1 0.1625 0.58125 0.1046875 0.17421875
1 0.2421875 0.40703125 0.07265625 0.1375