1 0.3015625 0.60703125 0.0890625 0.17578125
1 0.34375 0.36875 0.05078125 0.10859375
1 0.4578125 0.3 0.046875 0.084375
1 0.43125 0.21484375 0.03984375 0.06328125
1 0.23984375 0.15859375 0.034375 0.0625
1 0.29296875 0.04453125 0.01796875 0.0296875
1 0.32265625 0.046875 0.01875 0.02890625
1 0.359375 0.05625 0.015625 0.03125
1 0.36953125 0.06953125 0.01953125 0.028125
1 0.37890625 0.08828125 0.0265625 0.034375
1 0.3859375 0.11171875 0.025 0.03515625
1 0.29375 0.1125 0.025 0.03984375
1 0.28671875 0.17265625 0.03203125 0.05546875
1 0.346875 0.24765625 0.03671875 0.0640625
1 0.14140625 0.684375 0.12109375 0.209375
4 0.49375 0.4234375 0.0578125 0.14296875
3 0.4 0.15546875 0.040625 0.059375
4 0.33359375 0.12265625 0.03125 0.059375