0 0.1359375 0.6546875 0.271875 0.68984375
1 0.4609375 0.31015625 0.05234375 0.10546875
1 0.33828125 0.25625 0.04296875 0.07421875
1 0.33359375 0.19453125 0.0328125 0.05625
1 0.4015625 0.15390625 0.034375 0.05625
1 0.2875 0.17109375 0.02734375 0.0546875
1 0.23671875 0.15703125 0.0328125 0.05703125
1 0.28828125 0.11875 0.025 0.03984375
1 0.3296875 0.1234375 0.028125 0.04453125
1 0.3671875 0.078125 0.025 0.040625
1 0.325 0.08046875 0.02265625 0.03984375
1 0.28984375 0.0453125 0.01953125 0.0328125
1 0.32109375 0.0453125 0.01796875 0.0265625
1 0.35234375 0.04375 0.01796875 0.0265625
1 0.34453125 0.0171875 0.015625 0.02421875
1 0.31640625 0.01875 0.015625 0.01953125
1 0.3140625 0.00390625 0.0125 0.0078125
1 0.290625 0.02421875 0.01640625 0.01796875