1 0.19609375 0.9421875 0.13359375 0.115625
1 0.49375 0.7359375 0.10234375 0.26484375
1 0.3234375 0.39609375 0.053125 0.115625
1 0.43125 0.25546875 0.04921875 0.0765625
1 0.409375 0.19296875 0.03984375 0.06484375
1 0.371875 0.1015625 0.02421875 0.03125
1 0.353125 0.0609375 0.021875 0.02578125
1 0.3453125 0.04921875 0.01640625 0.02578125
1 0.2765625 0.06328125 0.02109375 0.03203125
1 0.30390625 0.01640625 0.0171875 0.02578125
1 0.27890625 0.01640625 0.0171875 0.02734375
1 0.27265625 0.10390625 0.0265625 0.0421875
1 0.328125 0.16796875 0.03125 0.05078125
1 0.36328125 0.0796875 0.02578125 0.03125
1 0.3359375 0.24453125 0.03984375 0.07734375
1 0.2234375 0.1578125 0.03359375 0.05546875
1 0.25 0.328125 0.0515625 0.08828125
4 0.3140625 0.07890625 0.02890625 0.053125
3 0.3796875 0.1375 0.0390625 0.05859375
4 0.47109375 0.3546875 0.05546875 0.1140625