1 0.1390625 0.6515625 0.11875 0.2359375
1 0.2046875 0.865625 0.1453125 0.26875
1 0.459375 0.9875 0.115625 0.025
1 0.30703125 0.4890625 0.078125 0.159375
1 0.3203125 0.3109375 0.0484375 0.08984375
1 0.31953125 0.21484375 0.040625 0.07265625
1 0.26328125 0.1578125 0.034375 0.06015625
1 0.20703125 0.153125 0.03359375 0.06015625
1 0.39921875 0.19765625 0.03203125 0.05703125
1 0.3828125 0.16875 0.03125 0.05078125
1 0.3640625 0.1328125 0.028125 0.04765625
1 0.36171875 0.0953125 0.0234375 0.0328125
1 0.34921875 0.0828125 0.025 0.0328125
1 0.34453125 0.05546875 0.021875 0.02890625
1 0.4328125 0.275 0.04765625 0.075
3 0.46640625 0.3921875 0.09921875 0.2140625
4 0.48828125 0.6203125 0.09296875 0.24140625
4 0.31796875 0.00859375 0.02109375 0.01640625
1 0.29375 0.01953125 0.01796875 0.02890625
1 0.28984375 0.00390625 0.01875 0.0078125
0 0.3078125 0.0921875 0.0484375 0.12421875
3 0.26328125 0.01328125 0.0296875 0.0265625
4 0.20546875 0.42421875 0.075 0.14453125