1 0.5296875 0.6109375 0.0859375 0.20078125
1 0.12265625 0.7140625 0.15390625 0.26953125
1 0.51640625 0.34140625 0.0578125 0.11640625
1 0.36640625 0.396875 0.0640625 0.14609375
1 0.4859375 0.209375 0.0453125 0.07734375
1 0.259375 0.0984375 0.03359375 0.0640625
1 0.31875 0.0109375 0.02421875 0.021875
1 0.35625 0.0140625 0.0234375 0.028125
1 0.4015625 0.01015625 0.01875 0.0203125
1 0.409375 0.0296875 0.028125 0.04140625
1 0.4234375 0.0546875 0.02734375 0.0453125
4 0.44140625 0.08515625 0.03359375 0.065625
4 0.46015625 0.121875 0.0421875 0.08125
4 0.31484375 0.1515625 0.04375 0.090625
4 0.36953125 0.06328125 0.03359375 0.046875
4 0.3140625 0.04609375 0.0359375 0.07421875
3 0.37578125 0.1640625 0.05546875 0.16484375