1 0.4890625 0.75703125 0.08984375 0.2484375
1 0.27890625 0.6796875 0.103125 0.23125
1 0.48515625 0.47109375 0.05859375 0.14140625
1 0.4609375 0.315625 0.0484375 0.090625
1 0.23984375 0.1578125 0.03203125 0.05625
1 0.33046875 0.10078125 0.02421875 0.03671875
1 0.36875 0.075 0.01953125 0.03046875
1 0.375 0.09765625 0.02578125 0.0453125
1 0.38984375 0.1265625 0.02578125 0.04296875
1 0.29375 0.1015625 0.02578125 0.04140625
1 0.29375 0.071875 0.01953125 0.03359375
4 0.29140625 0.04296875 0.021875 0.034375
4 0.2875 0.159375 0.0375 0.08203125
4 0.34296875 0.17734375 0.0359375 0.065625
4 0.40703125 0.1578125 0.0296875 0.0640625
4 0.43125 0.2015625 0.04140625 0.08046875
4 0.271875 0.3125 0.05859375 0.11875
1 0.325 0.06171875 0.02109375 0.0375
1 0.321875 0.03671875 0.01796875 0.02265625
1 0.3203125 0.01640625 0.015625 0.02265625
3 0.340625 0.3125 0.0703125 0.20859375