1 0.1765625 0.61796875 0.11015625 0.21875
1 0.2375 0.84140625 0.134375 0.29921875
1 0.47421875 0.959375 0.10703125 0.08046875
1 0.33203125 0.46796875 0.07265625 0.14765625
1 0.34375 0.303125 0.04453125 0.08359375
1 0.34375 0.2140625 0.0375 0.0671875
1 0.29140625 0.16171875 0.03203125 0.05546875
1 0.2390625 0.15625 0.03125 0.05546875
1 0.41796875 0.1984375 0.0296875 0.053125
1 0.40234375 0.17109375 0.02890625 0.046875
1 0.38515625 0.13828125 0.0265625 0.04453125
1 0.3828125 0.10390625 0.021875 0.03046875
1 0.37109375 0.0921875 0.0234375 0.03046875
1 0.3671875 0.06640625 0.0203125 0.0265625
1 0.44921875 0.26953125 0.04375 0.06953125
3 0.4796875 0.378125 0.09140625 0.1984375
4 0.5 0.5890625 0.0859375 0.2234375
4 0.3421875 0.015625 0.01953125 0.03046875
1 0.3203125 0.03359375 0.01640625 0.0265625
1 0.31640625 0.01171875 0.0171875 0.02265625
0 0.3328125 0.1 0.04453125 0.11484375
3 0.29296875 0.02109375 0.02734375 0.040625
4 0.23828125 0.4078125 0.06953125 0.13359375