3 0.484375 0.4484375 0.10078125 0.2296875
1 0.12578125 0.73359375 0.13359375 0.2578125
1 0.27734375 0.71171875 0.11015625 0.25859375
1 0.3328125 0.41015625 0.05625 0.11328125
1 0.34453125 0.26484375 0.03515625 0.071875
1 0.284375 0.22890625 0.03671875 0.06171875
1 0.41875 0.20078125 0.03359375 0.04765625
1 0.403125 0.1671875 0.0328125 0.04921875
1 0.3890625 0.13828125 0.0234375 0.046875
1 0.3828125 0.10703125 0.025 0.04140625
1 0.37265625 0.0953125 0.01953125 0.034375
1 0.3703125 0.0703125 0.01875 0.03125
1 0.321875 0.046875 0.01796875 0.025
4 0.3484375 0.025 0.02109375 0.03515625
4 0.22421875 0.45859375 0.07421875 0.1578125
4 0.4984375 0.82265625 0.1203125 0.35390625
1 0.4578125 0.30078125 0.04609375 0.08046875
3 0.29140625 0.040625 0.03125 0.04765625
0 0.33671875 0.1203125 0.0484375 0.1296875
1 0.240625 0.15703125 0.03359375 0.06171875
1 0.31953125 0.0171875 0.01640625 0.02421875