1 0.85625 0.59921875 0.11640625 0.1859375
1 0.22578125 0.4359375 0.07734375 0.12109375
1 0.34296875 0.32578125 0.04609375 0.08984375
1 0.275 0.27890625 0.0453125 0.08046875
1 0.4671875 0.328125 0.05390625 0.090625
3 0.321875 0.03515625 0.0296875 0.0703125
1 0.10625 0.77578125 0.125 0.303125
1 0.48671875 0.72109375 0.0921875 0.24453125
1 0.2921875 0.6109375 0.08671875 0.19296875
1 0.48515625 0.46796875 0.06484375 0.146875
1 0.4375 0.24765625 0.04296875 0.07109375
1 0.34296875 0.225 0.0375 0.0734375
1 0.409375 0.17265625 0.034375 0.0546875
1 0.29140625 0.1625 0.03125 0.0546875
1 0.2390625 0.15859375 0.03203125 0.06015625
1 0.33671875 0.11484375 0.025 0.0421875
1 0.38125 0.09296875 0.021875 0.0359375
1 0.35546875 0.0453125 0.021875 0.03046875
1 0.3421875 0.00859375 0.01484375 0.0171875
1 0.73515625 0.87421875 0.15546875 0.25078125