1 0.78515625 0.88046875 0.14140625 0.2390625
1 0.1921875 0.9421875 0.13359375 0.115625
1 0.2015625 0.4703125 0.084375 0.1578125
1 0.33515625 0.39375 0.05703125 0.125
1 0.446875 0.2875 0.05 0.090625
1 0.33828125 0.27734375 0.04296875 0.08359375
1 0.33671875 0.21484375 0.0359375 0.0625
1 0.390625 0.16328125 0.02265625 0.05546875
1 0.21953125 0.1546875 0.03359375 0.06328125
1 0.37421875 0.11015625 0.028125 0.04296875
1 0.359375 0.071875 0.02265625 0.0390625
1 0.315625 0.08359375 0.02265625 0.034375
1 0.31640625 0.059375 0.02109375 0.02421875
3 0.275 0.0828125 0.03203125 0.08203125
3 0.30859375 0.0296875 0.02734375 0.059375
1 0.27578125 0.01796875 0.0171875 0.02734375
4 0.30390625 0.51875 0.07421875 0.17265625
4 0.46484375 0.40234375 0.0609375 0.13828125
4 0.415625 0.19140625 0.04921875 0.10078125
4 0.3328125 0.00703125 0.0171875 0.01328125