1 0.86875 0.62109375 0.121875 0.19375
1 0.21015625 0.45078125 0.08046875 0.1265625
1 0.3328125 0.33515625 0.0484375 0.09375
1 0.26171875 0.2859375 0.046875 0.08359375
1 0.4625 0.33828125 0.05625 0.09453125
3 0.3109375 0.034375 0.03125 0.06796875
1 0.0859375 0.80546875 0.13046875 0.31640625
1 0.48359375 0.74765625 0.09609375 0.2546875
1 0.2796875 0.6328125 0.090625 0.2015625
1 0.48046875 0.48359375 0.06796875 0.153125
1 0.43125 0.25390625 0.04453125 0.0734375
1 0.3328125 0.23046875 0.0390625 0.0765625
1 0.40234375 0.17578125 0.03515625 0.05703125
1 0.27890625 0.16484375 0.0328125 0.05703125
1 0.22421875 0.16171875 0.03359375 0.0625
1 0.3265625 0.115625 0.02578125 0.04375
1 0.37265625 0.09296875 0.0234375 0.0375
1 0.34609375 0.04296875 0.02265625 0.03203125
1 0.33125 0.00625 0.015625 0.0125
1 0.7421875 0.88828125 0.1625 0.2234375