1 0.23828125 0.159375 0.034375 0.0578125
1 0.40625 0.1515625 0.03046875 0.05078125
1 0.29140625 0.0875 0.02265625 0.0375
1 0.3265625 0.0828125 0.0234375 0.0390625
1 0.37890625 0.08984375 0.02265625 0.03828125
1 0.359375 0.05234375 0.01953125 0.0296875
1 0.321875 0.04453125 0.01796875 0.0296875
1 0.340625 0.0140625 0.015625 0.02265625
4 0.2859375 0.2046875 0.03984375 0.07578125
3 0.3375 0.1453125 0.0375 0.08203125
3 0.3140625 0.00703125 0.01484375 0.0140625
4 0.10703125 0.69609375 0.1703125 0.3625