1 0.11484375 0.72578125 0.125 0.2234375
1 0.48515625 0.640625 0.078125 0.196875
1 0.3421875 0.3875 0.0578125 0.1171875
1 0.228125 0.4734375 0.07421875 0.15
1 0.353125 0.27265625 0.040625 0.08125
1 0.34375 0.2015625 0.03203125 0.0609375
1 0.33828125 0.1484375 0.028125 0.0484375
1 0.23984375 0.15625 0.03125 0.05625
1 0.41796875 0.19921875 0.03125 0.0484375
1 0.403125 0.1671875 0.03046875 0.05078125
1 0.38828125 0.13671875 0.0296875 0.04296875
1 0.29140625 0.06484375 0.021875 0.0328125
1 0.378125 0.090625 0.025 0.04453125
1 0.36171875 0.06171875 0.0234375 0.0328125
1 0.35390625 0.03828125 0.01875 0.0328125
1 0.76015625 0.8484375 0.12421875 0.303125
1 0.31484375 0.01015625 0.01328125 0.01953125
0 0.32734375 0.0671875 0.0375 0.096875
4 0.25390625 0.353125 0.05234375 0.115625
4 0.26953125 0.72265625 0.11640625 0.2859375
4 0.4890625 0.4671875 0.07109375 0.16484375
1 0.44296875 0.25546875 0.0421875 0.07109375
3 0.47421875 0.3296875 0.0796875 0.1625