1 0.5078125 0.84921875 0.096875 0.3015625
1 0.24375 0.68515625 0.11171875 0.23125
1 0.13671875 0.65390625 0.125 0.2453125
1 0.3328125 0.33203125 0.0453125 0.09375
1 0.425 0.2140625 0.04140625 0.071875
1 0.29765625 0.225 0.04140625 0.06171875
1 0.240625 0.15859375 0.03046875 0.06015625
1 0.35625 0.053125 0.02109375 0.03515625
1 0.31953125 0.02109375 0.01328125 0.021875
1 0.3421875 0.0125 0.01484375 0.0203125
1 0.3078125 0.0140625 0.01171875 0.021875
1 0.31484375 0.0046875 0.0125 0.009375
1 0.2921875 0.01953125 0.01875 0.025
0 0.2859375 0.07890625 0.03828125 0.09609375