3 0.4578125 0.33359375 0.08203125 0.17109375
0 0.30078125 0.03046875 0.0328125 0.0609375
4 0.1046875 0.6734375 0.12734375 0.24453125
4 0.29921875 0.4734375 0.06875 0.15859375
4 0.47421875 0.47421875 0.07421875 0.178125
4 0.33125 0.31640625 0.05078125 0.1171875
1 0.01015625 0.98671875 0.0203125 0.0265625
1 0.20703125 0.940625 0.12734375 0.11875
1 0.47109375 0.6359375 0.07890625 0.19765625
1 0.209375 0.42890625 0.06640625 0.11796875
1 0.2515625 0.334375 0.0546875 0.1
1 0.33125 0.22421875 0.0390625 0.06484375
1 0.40078125 0.19375 0.03125 0.05546875
1 0.384375 0.15859375 0.03203125 0.053125
1 0.36640625 0.12265625 0.0265625 0.04140625
1 0.32890625 0.171875 0.03203125 0.05546875
1 0.3203125 0.13984375 0.028125 0.046875
1 0.33125 0.084375 0.0203125 0.0390625
1 0.221875 0.16015625 0.03515625 0.06328125
1 0.33984375 0.0375 0.01953125 0.03671875
1 0.32734375 0.01953125 0.01328125 0.025
1 0.95390625 0.45625 0.09140625 0.12109375
1 0.32265625 0.0046875 0.0171875 0.009375
4 0.26484375 0.22578125 0.03828125 0.08046875
1 0.42734375 0.2578125 0.04453125 0.075