1 0.49296875 0.68671875 0.0984375 0.2578125
1 0.4703125 0.340625 0.06171875 0.11875
1 0.33671875 0.20859375 0.03046875 0.06796875
1 0.27109375 0.23203125 0.04453125 0.07265625
1 0.28046875 0.12890625 0.02890625 0.053125
1 0.32890625 0.13359375 0.02890625 0.05625
1 0.41015625 0.15546875 0.03515625 0.05234375
1 0.36640625 0.05546875 0.021875 0.03359375
1 0.30625 0.00390625 0.01796875 0.00703125
1 0.22734375 0.1375 0.03359375 0.0640625
4 0.12734375 0.6171875 0.1421875 0.26953125
1 0.31796875 0.059375 0.0234375 0.0390625
1 0.17421875 0.91484375 0.1359375 0.1703125