4 0.28671875 0.57421875 0.128125 0.36953125
4 0.33515625 0.33359375 0.071875 0.15546875
4 0.23125 0.35703125 0.0828125 0.159375
4 0.47109375 0.27265625 0.0609375 0.13359375
4 0.5203125 0.67421875 0.09296875 0.28828125
1 0.23828125 0.10546875 0.0328125 0.0609375
1 0.3484375 0.23515625 0.04375 0.0890625
1 0.946875 0.4921875 0.10546875 0.16796875
1 0.35078125 0.1578125 0.0359375 0.06640625
1 0.29140625 0.00859375 0.0234375 0.0171875
1 0.28203125 0.165625 0.0421875 0.0671875
1 0.29296875 0.053125 0.02890625 0.04453125
2 0.2953125 0.26328125 0.02421875 0.08203125
4 0.3328125 0.0265625 0.02890625 0.053125
3 0.4390625 0.1453125 0.0625 0.115625
1 0.49453125 0.40703125 0.06171875 0.13828125