1 0.46875 0.6453125 0.0859375 0.2171875
1 0.4515625 0.3984375 0.0578125 0.13359375
1 0.3015625 0.2375 0.04765625 0.0828125
1 0.3953125 0.1640625 0.040625 0.07265625
1 0.375 0.11796875 0.0390625 0.0671875
1 0.36328125 0.08125 0.0296875 0.05703125
1 0.3015625 0.1109375 0.034375 0.059375
1 0.19296875 0.0953125 0.03515625 0.0625
1 0.32578125 0.0078125 0.02265625 0.01484375
4 0.246875 0.56875 0.096875 0.23515625
4 0.1265625 0.5015625 0.115625 0.22421875
4 0.4453125 0.28359375 0.059375 0.1328125
4 0.421875 0.21953125 0.04765625 0.10390625