3 0.48984375 0.421875 0.11015625 0.2515625
1 0.09765625 0.734375 0.14609375 0.28203125
1 0.26328125 0.71015625 0.1203125 0.28359375
1 0.32421875 0.38046875 0.0609375 0.12421875
1 0.33671875 0.22109375 0.0390625 0.07890625
1 0.27109375 0.18203125 0.040625 0.06796875
1 0.41796875 0.1515625 0.03671875 0.05234375
1 0.4015625 0.11484375 0.0359375 0.05390625
1 0.38515625 0.0828125 0.02578125 0.05078125
1 0.37890625 0.0484375 0.02734375 0.0453125
1 0.36796875 0.0359375 0.02109375 0.0375
1 0.3640625 0.0125 0.0203125 0.02421875
4 0.20546875 0.43359375 0.08125 0.17265625
4 0.5046875 0.81875 0.13125 0.3625
1 0.4609375 0.26015625 0.05078125 0.08828125
0 0.328125 0.0671875 0.05234375 0.13359375
1 0.2234375 0.10390625 0.03671875 0.06796875