1 0.50078125 0.496875 0.06171875 0.14375
1 0.48203125 0.36796875 0.05703125 0.11484375
1 0.34765625 0.240625 0.0421875 0.08359375
1 0.346875 0.14375 0.03359375 0.053125
1 0.240625 0.1375 0.03671875 0.0640625
1 0.40546875 0.11953125 0.03515625 0.0546875
1 0.421875 0.1609375 0.03671875 0.05625
1 0.33046875 0.028125 0.01953125 0.03125
1 0.325 0.0078125 0.01640625 0.015625
1 0.353125 0.003125 0.0140625 0.00546875
1 0.36015625 0.009375 0.01875 0.01875
1 0.36875 0.028125 0.021875 0.02421875
1 0.3796875 0.05078125 0.02265625 0.02734375
1 0.33359375 0.06484375 0.02265625 0.0359375
1 0.296875 0.009375 0.0171875 0.01875
3 0.384375 0.084375 0.0328125 0.05078125
4 0.29375 0.07734375 0.0328125 0.0609375
4 0.4671875 0.23828125 0.04609375 0.0890625
4 0.334375 0.4265625 0.06640625 0.1703125
1 0.51640625 0.771875 0.090625 0.2625
1 0.22109375 0.8484375 0.14375 0.303125
1 0.1609375 0.59453125 0.109375 0.20390625
1 0.84140625 0.840625 0.12734375 0.2875