1 0.0828125 0.765625 0.1453125 0.25390625
1 0.284375 0.753125 0.11015625 0.2640625
1 0.34375 0.40234375 0.053125 0.1125
1 0.28359375 0.2484375 0.04140625 0.0734375
1 0.240625 0.15625 0.03046875 0.0578125
1 0.290625 0.1296875 0.0265625 0.05078125
1 0.34140625 0.14140625 0.0265625 0.028125
1 0.4875 0.6234375 0.0703125 0.19609375
1 0.29453125 0.0390625 0.01328125 0.025
1 0.31953125 0.01796875 0.015625 0.02109375
1 0.34609375 0.025 0.015625 0.02421875
1 0.33984375 0.00859375 0.015625 0.01640625
1 0.32421875 0.04296875 0.01953125 0.028125
4 0.33671875 0.1109375 0.025 0.04765625
4 0.3296875 0.08828125 0.0265625 0.04296875
4 0.2890625 0.07734375 0.0203125 0.046875
4 0.3421875 0.20859375 0.04375 0.1046875
4 0.4875 0.4625 0.07109375 0.17421875
4 0.76796875 0.82109375 0.13046875 0.3171875
2 0.29609375 0.17265625 0.015625 0.0515625
2 0.309375 0.03671875 0.00625 0.0328125
1 0.259375 0.3765625 0.06484375 0.10703125
3 0.46015625 0.2796875 0.07421875 0.1453125
1 0.3625 0.05390625 0.0203125 0.03125
1 0.2953125 0.015625 0.01484375 0.02109375