1 0.06953125 0.84609375 0.1390625 0.3078125
1 0.4875 0.49296875 0.065625 0.1453125
1 0.47265625 0.35234375 0.0484375 0.10078125
1 0.334375 0.20234375 0.0359375 0.06171875
1 0.23984375 0.15625 0.03203125 0.06015625
1 0.39140625 0.12734375 0.0265625 0.0453125
1 0.37734375 0.1 0.025 0.04453125
1 0.3546875 0.0375 0.0171875 0.0265625
1 0.34296875 0.01015625 0.0171875 0.01953125
1 0.31484375 0.0078125 0.01328125 0.015625
1 0.3171875 0.0296875 0.01484375 0.02421875
1 0.3328125 0.103125 0.0234375 0.0421875
1 0.2890625 0.09453125 0.025 0.04140625
1 0.28828125 0.1390625 0.0296875 0.04765625
4 0.328125 0.065625 0.02265625 0.03984375
4 0.41171875 0.15859375 0.03359375 0.065625
4 0.2703125 0.3 0.0515625 0.103125
2 0.3125 0.134375 0.01484375 0.04765625
1 0.43828125 0.2515625 0.046875 0.07578125
1 0.1546875 0.95078125 0.13203125 0.0984375
3 0.36328125 0.0703125 0.0265625 0.04453125