1 0.459375 0.584375 0.08203125 0.175
1 0.275 0.54140625 0.07421875 0.15234375
1 0.05 0.8046875 0.09921875 0.2859375
1 0.19375 0.81953125 0.115625 0.24453125
1 0.278125 0.384375 0.05234375 0.109375
1 0.20078125 0.3140625 0.05 0.09140625
1 0.375 0.25 0.04296875 0.06875
1 0.284375 0.2453125 0.04296875 0.0765625
4 0.27578125 0.29765625 0.05078125 0.0953125
4 0.30703125 0.0578125 0.03125 0.05390625
1 0.21484375 0.18671875 0.034375 0.05546875
1 0.27890625 0.1703125 0.03359375 0.05546875
1 0.33828125 0.16796875 0.0390625 0.06796875
1 0.27109375 0.125 0.03046875 0.046875
4 0.26484375 0.0875 0.02734375 0.040625
1 0.16484375 0.16796875 0.0328125 0.0625
1 0.26015625 0.06484375 0.0234375 0.03671875
1 0.2546875 0.03359375 0.01875 0.02890625
1 0.28828125 0.028125 0.0171875 0.02421875
1 0.25234375 0.0109375 0.0171875 0.021875
1 0.2234375 0.0390625 0.02265625 0.0328125
1 0.41171875 0.3375 0.05546875 0.10625
1 0.22421875 0.009375 0.015625 0.01875
1 0.2734375 0.00390625 0.0140625 0.0078125
1 0.31875 0.10078125 0.02890625 0.04296875