1 0.503125 0.728125 0.0859375 0.265625
1 0.27109375 0.6421875 0.09765625 0.203125
1 0.209375 0.48984375 0.0875 0.1578125
1 0.4765625 0.39140625 0.0546875 0.11015625
1 0.27734375 0.26796875 0.04453125 0.0859375
1 0.23828125 0.15234375 0.0328125 0.06015625
1 0.43046875 0.20546875 0.040625 0.06953125
1 0.3390625 0.1515625 0.0265625 0.05234375
1 0.29296875 0.0859375 0.025 0.04765625
1 0.39140625 0.115625 0.028125 0.0484375
1 0.36015625 0.05 0.02109375 0.034375
1 0.321875 0.02734375 0.01796875 0.02734375
1 0.3171875 0.00546875 0.01484375 0.0109375
1 0.33984375 0.00546875 0.01640625 0.0109375
3 0.3390625 0.23125 0.05078125 0.13046875