1 0.51640625 0.67890625 0.09453125 0.259375
1 0.48125 0.31171875 0.0546875 0.0953125
1 0.45859375 0.228125 0.04453125 0.0734375
1 0.440625 0.184375 0.03828125 0.06171875
1 0.41875 0.134375 0.03671875 0.06015625
1 0.35390625 0.20859375 0.0421875 0.075
1 0.240625 0.13046875 0.03515625 0.065625
1 0.37890625 0.03984375 0.02109375 0.03671875
1 0.3640625 0.0171875 0.021875 0.034375
1 0.33125 0.01015625 0.01875 0.0203125
4 0.3953125 0.0625 0.02734375 0.05
4 0.91796875 0.5828125 0.13046875 0.228125
1 0.5078125 0.44609375 0.065625 0.1359375
3 0.29375 0.48515625 0.16875 0.459375