1 0.50546875 0.75625 0.084375 0.2375
1 0.28359375 0.678125 0.096875 0.20234375
1 0.34296875 0.46015625 0.06171875 0.125
1 0.48671875 0.41171875 0.06171875 0.12109375
1 0.24609375 0.39296875 0.0640625 0.1203125
1 0.34296875 0.33359375 0.0453125 0.0875
1 0.44765625 0.2546875 0.0421875 0.0734375
1 0.41953125 0.1984375 0.034375 0.05234375
1 0.28515625 0.1859375 0.03203125 0.05546875
1 0.23984375 0.15859375 0.03125 0.0578125
1 0.28984375 0.11640625 0.025 0.0390625
1 0.3390625 0.13828125 0.0265625 0.04453125
1 0.33125 0.10234375 0.02421875 0.03984375
1 0.3734375 0.08046875 0.021875 0.0375
1 0.31640625 0.0046875 0.01484375 0.009375
1 0.31953125 0.01796875 0.01484375 0.01953125
1 0.3453125 0.01640625 0.01484375 0.021875
1 0.29296875 0.01640625 0.01484375 0.01796875
1 0.3453125 0.2109375 0.034375 0.065625
4 0.3875 0.13125 0.0296875 0.053125
4 0.33984375 0.25625 0.040625 0.08359375
4 0.36171875 0.04453125 0.02421875 0.0453125
4 0.32890625 0.0703125 0.01953125 0.0328125
4 0.32421875 0.0453125 0.01953125 0.034375
3 0.17890625 0.928125 0.16328125 0.14375