1 0.07578125 0.8453125 0.1515625 0.29453125
1 0.296875 0.68828125 0.09296875 0.21953125
1 0.43984375 0.2515625 0.0421875 0.07109375
4 0.18515625 0.52578125 0.090625 0.178125
4 0.33515625 0.36171875 0.0546875 0.1171875
4 0.4875 0.4609375 0.0703125 0.171875
4 0.34765625 0.25859375 0.03984375 0.09375
3 0.4703125 0.325 0.07578125 0.153125
1 0.4859375 0.6234375 0.075 0.190625
1 0.82890625 0.696875 0.11484375 0.21484375
1 0.41171875 0.18359375 0.03046875 0.0515625
1 0.34609375 0.1921875 0.03671875 0.05703125
1 0.34296875 0.15703125 0.03359375 0.0390625
1 0.33515625 0.12421875 0.02578125 0.03671875
1 0.2859375 0.25859375 0.04140625 0.08046875
1 0.2515625 0.35078125 0.0515625 0.090625
1 0.24140625 0.159375 0.03359375 0.06328125
1 0.3921875 0.14296875 0.03046875 0.05078125
1 0.37734375 0.11015625 0.02734375 0.04453125
1 0.3515625 0.06640625 0.01796875 0.03125
1 0.3515625 0.02734375 0.0171875 0.02890625
1 0.340625 0.0125 0.01484375 0.0203125
4 0.29296875 0.15234375 0.028125 0.05703125
0 0.31640625 0.021875 0.0265625 0.04375