3 0.82890625 0.76171875 0.19453125 0.4765625
1 0.5125 0.6203125 0.08125 0.209375
1 0.0734375 0.85078125 0.1421875 0.26640625
1 0.21875 0.50078125 0.0890625 0.14765625
1 0.5 0.36484375 0.059375 0.12421875
1 0.42734375 0.134375 0.03515625 0.0546875
1 0.3578125 0.18046875 0.0375 0.06796875
1 0.2984375 0.19921875 0.04375 0.0828125
1 0.25390625 0.125 0.03125 0.06015625
1 0.3578125 0.09921875 0.02421875 0.04453125
1 0.3078125 0.084375 0.02890625 0.0453125
1 0.4 0.06015625 0.02734375 0.0421875
1 0.34921875 0.04921875 0.02421875 0.04140625
1 0.309375 0.01484375 0.01953125 0.0296875
1 0.375 0.00390625 0.01640625 0.00703125
1 0.3390625 0.00625 0.01875 0.0125
1 0.303125 0.13828125 0.03203125 0.05234375
1 0.3515625 0.3296875 0.053125 0.10078125
1 0.26640625 0.7453125 0.12265625 0.26875
1 0.45703125 0.2078125 0.04609375 0.07265625