1 0.5 0.659375 0.084375 0.2171875
1 0.43203125 0.2140625 0.0390625 0.06875
1 0.33828125 0.15234375 0.02734375 0.0515625
1 0.38203125 0.10078125 0.0265625 0.04375
1 0.328125 0.11796875 0.0265625 0.03984375
1 0.29140625 0.1125 0.02265625 0.04140625
1 0.2390625 0.1578125 0.0328125 0.0546875
1 0.29140625 0.07421875 0.0203125 0.03203125
1 0.32734375 0.07578125 0.0203125 0.0359375
1 0.35546875 0.04609375 0.0203125 0.03203125
1 0.32109375 0.0453125 0.0203125 0.0265625
1 0.3171875 0.02109375 0.01640625 0.02109375
1 0.34296875 0.02109375 0.0171875 0.025
1 0.3375 0.00390625 0.0125 0.00703125
1 0.3140625 0.0046875 0.01328125 0.009375
4 0.28984375 0.0171875 0.02109375 0.03359375
0 0.23828125 0.33046875 0.13671875 0.30546875