4 0.1171875 0.6796875 0.109375 0.228125
1 0.190625 0.4984375 0.09453125 0.1625
1 0.5109375 0.8671875 0.096875 0.26484375
1 0.48125 0.3515625 0.05390625 0.10390625
1 0.35234375 0.29609375 0.046875 0.09375
0 0.165625 0.7359375 0.33125 0.528125
3 0.27421875 0.265625 0.07890625 0.15078125
1 0.24296875 0.1375 0.034375 0.06328125
1 0.3421875 0.153125 0.034375 0.0640625
1 0.43203125 0.2015625 0.04375 0.06953125
1 0.4078125 0.1328125 0.0375 0.065625
1 0.334375 0.0828125 0.0265625 0.04375
1 0.38125 0.059375 0.021875 0.0296875
1 0.33125 0.01953125 0.01875 0.0265625
1 0.325 0.00859375 0.01640625 0.0171875
1 0.38671875 0.0921875 0.02890625 0.04140625
4 0.29296875 0.11953125 0.0390625 0.08984375
4 0.296875 0.03359375 0.021875 0.04453125