3 0.34375 0.24609375 0.0484375 0.11640625
3 0.31875 0.01953125 0.01953125 0.03828125
4 0.23046875 0.42109375 0.071875 0.14140625
1 0.44375 0.24296875 0.03984375 0.07109375
1 0.4015625 0.14140625 0.0296875 0.05234375
1 0.29140625 0.15859375 0.03046875 0.05546875
1 0.23828125 0.159375 0.03359375 0.05859375
1 0.3328125 0.13203125 0.0296875 0.053125
1 0.375 0.0890625 0.021875 0.0375
1 0.3265625 0.08125 0.02109375 0.0359375
1 0.3515625 0.034375 0.01953125 0.03046875
1 0.29375 0.03046875 0.0171875 0.02578125
1 0.29375 0.00859375 0.015625 0.0171875