1 0.5265625 0.6359375 0.08515625 0.1984375
1 0.12421875 0.73828125 0.15234375 0.2671875
1 0.51328125 0.36875 0.05703125 0.115625
1 0.36484375 0.42421875 0.06328125 0.14453125
1 0.4828125 0.23828125 0.04453125 0.0765625
1 0.25859375 0.128125 0.03359375 0.06328125
1 0.31796875 0.03515625 0.02421875 0.0359375
1 0.3546875 0.0421875 0.0234375 0.03515625
1 0.4 0.0359375 0.01875 0.03125
1 0.40703125 0.06015625 0.02734375 0.04140625
1 0.42109375 0.08515625 0.02734375 0.0453125
1 0.3171875 0.0109375 0.01796875 0.02109375
4 0.3484375 0.0125 0.02109375 0.02421875
4 0.4390625 0.11484375 0.03359375 0.06484375
4 0.45703125 0.1515625 0.04140625 0.08046875
4 0.31328125 0.18046875 0.04296875 0.08984375
4 0.3671875 0.09296875 0.03359375 0.046875
4 0.3125 0.0765625 0.03515625 0.0734375
3 0.37421875 0.19296875 0.0546875 0.16328125