0 0.1375 0.65546875 0.275 0.6890625
1 0.46171875 0.31015625 0.0515625 0.1046875
1 0.33984375 0.25625 0.04296875 0.0734375
1 0.3359375 0.1953125 0.0328125 0.05546875
1 0.403125 0.15390625 0.034375 0.05546875
1 0.28984375 0.17109375 0.02734375 0.05390625
1 0.2390625 0.1578125 0.03203125 0.05625
1 0.290625 0.11953125 0.025 0.0390625
1 0.33203125 0.12421875 0.02734375 0.04453125
1 0.36875 0.07890625 0.025 0.03984375
1 0.3265625 0.08125 0.02265625 0.0390625
1 0.29140625 0.046875 0.01953125 0.0328125
1 0.3234375 0.04609375 0.01796875 0.0265625
1 0.35390625 0.0453125 0.01796875 0.02578125
1 0.34609375 0.01875 0.015625 0.02421875
1 0.31796875 0.0203125 0.015625 0.01953125
1 0.3171875 0.0046875 0.01171875 0.009375
1 0.2921875 0.025 0.01640625 0.01796875