1 0.0421875 0.9421875 0.084375 0.115625
1 0.5265625 0.63515625 0.08125 0.19609375
1 0.490625 0.3671875 0.05703125 0.11875
1 0.33046875 0.44609375 0.065625 0.14375
1 0.346875 0.2546875 0.04296875 0.08359375
1 0.43671875 0.25234375 0.04453125 0.07421875
3 0.228125 0.41484375 0.11640625 0.209375
4 0.27265625 0.25703125 0.059375 0.134375
4 0.2859375 0.165625 0.03671875 0.071875
4 0.38515625 0.090625 0.03203125 0.0640625
1 0.23203125 0.1609375 0.0359375 0.0609375
1 0.40703125 0.14921875 0.03203125 0.0578125
1 0.28984375 0.10234375 0.02578125 0.04375
1 0.3375 0.0890625 0.025 0.03984375
1 0.32734375 0.05546875 0.01953125 0.03359375
1 0.32265625 0.0234375 0.0203125 0.0328125