1 0.5 0.57890625 0.08046875 0.190625
1 0.3359375 0.43046875 0.05546875 0.12109375
1 0.34296875 0.184375 0.034375 0.0609375
1 0.4265625 0.209375 0.03515625 0.0609375
1 0.38671875 0.10703125 0.02578125 0.0390625
1 0.371875 0.07890625 0.01953125 0.034375
1 0.33125 0.11328125 0.02265625 0.04140625
1 0.40546875 0.15234375 0.0328125 0.04921875
4 0.32890625 0.0671875 0.01953125 0.0390625
4 0.28984375 0.153125 0.03828125 0.07890625
3 0.46015625 0.3203125 0.0640625 0.115625
3 0.27734375 0.621875 0.12109375 0.26171875
1 0.28984375 0.0875 0.02421875 0.03359375
1 0.240625 0.1578125 0.03359375 0.0609375
1 0.32421875 0.0390625 0.01875 0.03125
1 0.29453125 0.0234375 0.01484375 0.0265625
1 0.34296875 0.0203125 0.015625 0.02734375
1 0.3375 0.00390625 0.015625 0.0078125
1 0.31484375 0.0046875 0.01484375 0.009375