1 0.08984375 0.80703125 0.165625 0.303125
1 0.5296875 0.87421875 0.125 0.2515625
1 0.48203125 0.51171875 0.06953125 0.17421875
1 0.3328125 0.23984375 0.03828125 0.08515625
1 0.2359375 0.1484375 0.03125 0.0609375
1 0.328125 0.09921875 0.021875 0.03984375
1 0.32109375 0.0625 0.02109375 0.04140625
1 0.32109375 0.028125 0.01640625 0.0296875
1 0.3546875 0.028125 0.01953125 0.028125
1 0.34140625 0.01015625 0.01875 0.01953125
1 0.3140625 0.00546875 0.015625 0.0109375
4 0.28828125 0.02421875 0.02265625 0.0375