1 0.48046875 0.7375 0.08984375 0.23046875
1 0.1875 0.83828125 0.13828125 0.3234375
1 0.459375 0.44140625 0.06875 0.1484375
1 0.3046875 0.38515625 0.0625 0.1203125
1 0.196875 0.13671875 0.03515625 0.0703125
1 0.3078125 0.16640625 0.03046875 0.06015625
1 0.40234375 0.1953125 0.04375 0.06171875
1 0.38203125 0.1421875 0.0359375 0.0609375
1 0.303125 0.0890625 0.02890625 0.04921875
1 0.2953125 0.0484375 0.02265625 0.03984375
1 0.35078125 0.06328125 0.0234375 0.02578125
1 0.32109375 0.0078125 0.0171875 0.015625
1 0.3328125 0.01875 0.01875 0.02578125
1 0.34296875 0.04296875 0.025 0.02734375
3 0.35546875 0.0984375 0.0359375 0.05703125
4 0.28515625 0.00703125 0.021875 0.0140625
3 0.2140625 0.3375 0.078125 0.14609375
4 0.44609375 0.28125 0.05390625 0.11171875
1 0.25234375 0.08671875 0.02890625 0.04375
1 0.25 0.00625 0.01953125 0.0125