1 0.503125 0.565625 0.06953125 0.1640625
1 0.19296875 0.5546875 0.09921875 0.1890625
1 0.34296875 0.17265625 0.03125 0.05546875
1 0.2421875 0.1515625 0.0328125 0.05703125
1 0.396875 0.11171875 0.02734375 0.0421875
1 0.33828125 0.11015625 0.0265625 0.0421875
1 0.334375 0.07890625 0.0234375 0.03359375
1 0.32890625 0.04453125 0.0203125 0.03359375
1 0.35234375 0.02109375 0.01875 0.02890625
1 0.309375 0.0078125 0.01484375 0.015625
1 0.28828125 0.1640625 0.02734375 0.04921875
1 0.44375 0.2078125 0.0375 0.06015625