1 0.07265625 0.85859375 0.14453125 0.2828125
1 0.2234375 0.8890625 0.1375 0.221875
1 0.81328125 0.76953125 0.1125 0.25390625
1 0.50234375 0.678125 0.08984375 0.26015625
4 0.29921875 0.53125 0.10625 0.3078125
4 0.33359375 0.36171875 0.0625 0.13984375
4 0.26171875 0.3109375 0.06171875 0.1109375
4 0.4515625 0.29453125 0.053125 0.1109375
1 0.4796875 0.42265625 0.05625 0.12734375
1 0.34609375 0.26171875 0.04453125 0.0734375
1 0.3453125 0.1765625 0.03203125 0.0578125
1 0.28515625 0.1625 0.0328125 0.05546875
1 0.240625 0.15703125 0.034375 0.059375
1 0.2921875 0.07109375 0.02265625 0.0390625
1 0.2921875 0.034375 0.01953125 0.03046875
4 0.325 0.05078125 0.02421875 0.0609375
2 0.303125 0.23046875 0.01953125 0.059375
3 0.42421875 0.1890625 0.06015625 0.10625