4 0.04453125 0.8546875 0.0890625 0.290625
4 0.240625 0.6671875 0.10859375 0.23984375
4 0.31328125 0.3890625 0.0625 0.13984375
4 0.46875 0.475 0.0765625 0.190625
4 0.24140625 0.2890625 0.04921875 0.10078125
1 0.8375 0.6734375 0.12421875 0.23984375
1 0.46796875 0.64296875 0.0828125 0.196875
1 0.325 0.259375 0.04609375 0.084375
1 0.2078125 0.1546875 0.03203125 0.06328125
1 0.32109375 0.19453125 0.03828125 0.06171875
1 0.3953125 0.196875 0.0359375 0.05390625
1 0.378125 0.15703125 0.03203125 0.0484375
1 0.36171875 0.128125 0.03203125 0.05
1 0.31171875 0.1484375 0.03125 0.05
1 0.3109375 0.096875 0.03046875 0.04296875
1 0.33671875 0.04375 0.025 0.04140625
1 0.321875 0.02109375 0.01640625 0.02421875
1 0.3171875 0.00625 0.015625 0.01171875
1 0.26015625 0.00625 0.0171875 0.0125
0 0.29296875 0.03671875 0.0359375 0.0734375
1 0.41875 0.25859375 0.04140625 0.075
3 0.453125 0.33203125 0.0859375 0.1703125