4 0.2609375 0.36328125 0.07734375 0.1796875
4 0.18515625 0.70078125 0.171875 0.490625
4 0.46015625 0.6765625 0.09921875 0.28203125
4 0.41640625 0.275 0.0625 0.140625
4 0.27265625 0.0296875 0.034375 0.059375
1 0.284375 0.2359375 0.0484375 0.096875
1 0.20390625 0.2046875 0.04921875 0.09140625
1 0.2890625 0.15703125 0.04375 0.0734375
1 0.228125 0.0734375 0.03203125 0.0578125
1 0.171875 0.08046875 0.0375 0.06484375
1 0.76328125 0.921875 0.12890625 0.15625
1 0.2265625 0.01640625 0.028125 0.0328125
2 0.20625 0.37109375 0.0359375 0.109375
3 0.3828125 0.13359375 0.06796875 0.12421875
4 0.12421875 0.44375 0.10625 0.203125