1 0.90546875 0.57890625 0.11328125 0.19765625
1 0.24140625 0.85234375 0.1265625 0.2953125
1 0.31953125 0.48671875 0.06796875 0.13984375
1 0.37890625 0.08828125 0.025 0.0375
1 0.4859375 0.41484375 0.06171875 0.12109375
1 0.4578125 0.29921875 0.0515625 0.0953125
1 0.28046875 0.115625 0.0265625 0.05
1 0.2328125 0.1453125 0.0328125 0.0609375
1 0.33046875 0.1265625 0.028125 0.046875
1 0.3109375 0.0109375 0.01484375 0.02109375
4 0.5078125 0.5859375 0.07578125 0.20625
3 0.4140625 0.1890625 0.0484375 0.0734375
4 0.33671875 0.23359375 0.0453125 0.09296875
4 0.28125 0.0125 0.021875 0.025
1 0.17734375 0.55078125 0.09921875 0.18203125
1 0.390625 0.1203125 0.02890625 0.04140625
1 0.36640625 0.06171875 0.0203125 0.03203125
1 0.35625 0.05 0.0171875 0.03203125
1 0.2640625 0.29375 0.04609375 0.08046875