1 0.25390625 0.8234375 0.12265625 0.290625
1 0.228125 0.41015625 0.075 0.13046875
1 0.33671875 0.20625 0.03828125 0.05703125
1 0.3828125 0.115625 0.028125 0.046875
1 0.278125 0.09453125 0.02578125 0.03828125
1 0.2828125 0.0546875 0.02109375 0.03828125
1 0.3140625 0.0453125 0.01953125 0.03046875
4 0.31875 0.071875 0.0265625 0.0359375
4 0.328125 0.12109375 0.03046875 0.046875
4 0.32890625 0.1546875 0.034375 0.05703125
4 0.27421875 0.1453125 0.03203125 0.0625
4 0.48515625 0.47890625 0.07578125 0.17734375
1 0.48515625 0.6453125 0.08125 0.19296875
3 0.4703125 0.33828125 0.08203125 0.17578125
1 0.27265625 0.2234375 0.04140625 0.075
1 0.225 0.15859375 0.03359375 0.06015625
1 0.3546875 0.06328125 0.0234375 0.034375
1 0.3453125 0.0375 0.01875 0.028125
1 0.334375 0.01640625 0.01796875 0.0265625
1 0.30390625 0.00390625 0.015625 0.00703125
1 0.325 0.00234375 0.0140625 0.0046875
2 0.2703125 0.28984375 0.02109375 0.075
2 0.30078125 0.10078125 0.0109375 0.04296875
4 0.32890625 0.3265625 0.0609375 0.1609375
1 0.13046875 0.68828125 0.1296875 0.21875