1 0.09296875 0.81953125 0.16796875 0.30625
1 0.5375 0.88046875 0.1265625 0.2390625
1 0.4890625 0.521875 0.0703125 0.17578125
1 0.33828125 0.24765625 0.0390625 0.0859375
1 0.23984375 0.15546875 0.03125 0.0609375
1 0.33359375 0.10625 0.021875 0.040625
1 0.3265625 0.06875 0.02109375 0.04140625
1 0.3265625 0.034375 0.0171875 0.0296875
1 0.36015625 0.03359375 0.01953125 0.02890625
1 0.346875 0.01328125 0.01953125 0.02578125
1 0.3203125 0.00859375 0.01640625 0.0171875
4 0.29296875 0.03046875 0.02265625 0.0375