4 0.28671875 0.5953125 0.12109375 0.35
4 0.3328125 0.3671875 0.06796875 0.146875
4 0.234375 0.38984375 0.078125 0.15078125
4 0.46171875 0.31015625 0.0578125 0.1265625
4 0.5078125 0.68984375 0.08828125 0.2734375
1 0.240625 0.1515625 0.03125 0.0578125
1 0.3453125 0.275 0.04140625 0.084375
1 0.9203125 0.51796875 0.1140625 0.159375
1 0.34765625 0.2015625 0.03359375 0.0625
1 0.29140625 0.053125 0.021875 0.03203125
1 0.32578125 0.02734375 0.01953125 0.0203125
1 0.3171875 0.009375 0.01875 0.01796875
1 0.28203125 0.20859375 0.03984375 0.0640625
1 0.29296875 0.1015625 0.02734375 0.0421875
2 0.29453125 0.30078125 0.02265625 0.078125
2 0.29375 0.01015625 0.00859375 0.01953125
4 0.33125 0.06875 0.028125 0.06796875
3 0.43046875 0.1890625 0.059375 0.109375
1 0.48359375 0.4375 0.05859375 0.13125