1 0.5109375 0.5328125 0.0828125 0.17734375
1 0.3234375 0.4890625 0.07578125 0.1546875
1 0.07265625 0.7546875 0.1453125 0.290625
1 0.24140625 0.77109375 0.1171875 0.24765625
1 0.3265625 0.33046875 0.053125 0.11015625
1 0.2484375 0.25859375 0.05078125 0.09296875
1 0.425 0.19375 0.04296875 0.06953125
1 0.3328125 0.1890625 0.04375 0.07734375
4 0.325 0.2421875 0.05078125 0.096875
4 0.35546875 0.01328125 0.03125 0.0265625
1 0.26328125 0.1296875 0.03515625 0.05625
1 0.328125 0.11328125 0.034375 0.05625
1 0.3875 0.1109375 0.03984375 0.06875
1 0.3203125 0.0671875 0.03046875 0.04765625
4 0.31328125 0.0296875 0.028125 0.04140625
1 0.2125 0.1109375 0.0328125 0.06328125
1 0.30859375 0.01171875 0.02421875 0.0234375
1 0.46171875 0.2828125 0.05625 0.1078125
1 0.36875 0.0421875 0.02890625 0.04375