1 0.50546875 0.68984375 0.090625 0.23359375
1 0.4828125 0.42734375 0.05859375 0.12109375
1 0.46328125 0.3109375 0.04765625 0.084375
1 0.43671875 0.2375 0.03828125 0.065625
1 0.3421875 0.1796875 0.0296875 0.0546875
1 0.4140625 0.1828125 0.03515625 0.05625
1 0.23984375 0.1578125 0.03359375 0.059375
1 0.28984375 0.090625 0.02265625 0.04453125
1 0.36953125 0.0828125 0.02265625 0.03828125
1 0.38203125 0.1109375 0.0203125 0.04296875
1 0.315625 0.0265625 0.0171875 0.02265625
1 0.290625 0.01796875 0.01328125 0.01640625
1 0.31484375 0.00625 0.01796875 0.0125
4 0.29375 0.046875 0.01953125 0.0390625
4 0.33125 0.10859375 0.03046875 0.05546875
4 0.39921875 0.1296875 0.03046875 0.05625
1 0.35078125 0.0375 0.0234375 0.0375