1 0.48828125 0.503125 0.059375 0.1375
1 0.4703125 0.37890625 0.0546875 0.11015625
1 0.34140625 0.25703125 0.040625 0.08046875
1 0.340625 0.1640625 0.03203125 0.05078125
1 0.2390625 0.1578125 0.03515625 0.06171875
1 0.396875 0.14140625 0.03359375 0.05234375
1 0.4125 0.18046875 0.03515625 0.05390625
1 0.325 0.053125 0.01875 0.03046875
1 0.3203125 0.0296875 0.015625 0.02578125
1 0.31328125 0.00546875 0.0140625 0.0109375
1 0.346875 0.021875 0.01328125 0.02265625
1 0.35390625 0.03359375 0.01796875 0.02265625
1 0.36171875 0.053125 0.02109375 0.0234375
1 0.37265625 0.075 0.02109375 0.0265625
1 0.328125 0.0890625 0.021875 0.034375
1 0.29296875 0.03359375 0.01640625 0.02421875
3 0.3765625 0.1078125 0.03125 0.0484375
4 0.28984375 0.10078125 0.03125 0.05859375
4 0.45625 0.25546875 0.04453125 0.08515625
4 0.32890625 0.43515625 0.06328125 0.16328125
1 0.503125 0.76640625 0.08671875 0.2515625
1 0.22109375 0.84765625 0.1375 0.3046875
1 0.16328125 0.59609375 0.1046875 0.1953125
1 0.81484375 0.83203125 0.121875 0.275