1 0.5109375 0.9046875 0.11328125 0.190625
1 0.47890625 0.43046875 0.05703125 0.125
1 0.240625 0.3921875 0.06796875 0.1265625
1 0.45625 0.3140625 0.0484375 0.08203125
1 0.42421875 0.22734375 0.04140625 0.06875
1 0.2328125 0.1578125 0.0328125 0.0578125
1 0.321875 0.128125 0.02890625 0.046875
1 0.28125 0.0921875 0.021875 0.03984375
1 0.28125 0.0609375 0.01796875 0.0328125
1 0.38359375 0.12109375 0.02421875 0.04296875
1 0.36953125 0.09765625 0.02421875 0.03984375
1 0.34296875 0.02734375 0.0171875 0.0265625
1 0.31875 0.06640625 0.0203125 0.0328125
1 0.3078125 0.01484375 0.0140625 0.0234375
4 0.315625 0.03671875 0.0203125 0.03515625
3 0.353125 0.0640625 0.0265625 0.040625
4 0.4015625 0.14765625 0.03359375 0.06015625
4 0.29921875 0.484375 0.0734375 0.17109375
4 0.2859375 0.1859375 0.0375 0.07421875
2 0.30078125 0.07734375 0.01015625 0.0390625