1 0.48359375 0.61953125 0.07734375 0.18046875
1 0.1171875 0.7125 0.13828125 0.2421875
1 0.47109375 0.3765625 0.0515625 0.1046875
1 0.3359375 0.4265625 0.0578125 0.13125
1 0.44375 0.25859375 0.040625 0.06953125
1 0.23984375 0.15859375 0.03046875 0.05703125
1 0.29375 0.0734375 0.021875 0.0328125
1 0.32734375 0.0796875 0.02109375 0.03203125
1 0.36796875 0.07421875 0.0171875 0.028125
1 0.375 0.09609375 0.025 0.0375
1 0.3875 0.11875 0.025 0.040625
1 0.29296875 0.04765625 0.0171875 0.02734375
1 0.31953125 0.025 0.01640625 0.0203125
1 0.31796875 0.00859375 0.015625 0.01640625
4 0.29140625 0.02421875 0.01875 0.03359375
4 0.321875 0.04921875 0.01953125 0.0296875
4 0.40390625 0.14609375 0.03046875 0.05859375
4 0.4203125 0.17890625 0.03828125 0.0734375
4 0.2890625 0.20546875 0.03984375 0.08125
4 0.3390625 0.1265625 0.03046875 0.0421875
4 0.2890625 0.1109375 0.03203125 0.06640625
3 0.34453125 0.2171875 0.05 0.1484375