1 0.50390625 0.91796875 0.1078125 0.1640625
1 0.32734375 0.45625 0.06796875 0.1421875
1 0.5 0.45859375 0.059375 0.13984375
1 0.35 0.2390625 0.04140625 0.0734375
1 0.4421875 0.203125 0.03828125 0.07421875
1 0.425 0.16484375 0.0375 0.065625
1 0.4140625 0.1328125 0.03046875 0.05625
1 0.24609375 0.1359375 0.03359375 0.0640625
1 0.3828125 0.0625 0.025 0.04375
1 0.36796875 0.02734375 0.021875 0.0390625
1 0.359375 0.0078125 0.0171875 0.015625
4 0.48984375 0.3203125 0.0578125 0.125
4 0.4671875 0.26171875 0.0421875 0.10078125
3 0.33046875 0.01875 0.03125 0.0375