4 0.509375 0.934375 0.10625 0.13125
1 0.225 0.8703125 0.14375 0.259375
1 0.38828125 0.109375 0.0296875 0.0421875
1 0.475 0.371875 0.05546875 0.12109375
1 0.2484375 0.34765625 0.05625 0.10390625
1 0.3421875 0.26875 0.04296875 0.071875
1 0.32265625 0.07421875 0.02265625 0.03828125
1 0.3609375 0.06015625 0.01875 0.0328125
1 0.3734375 0.07421875 0.0203125 0.0359375
1 0.3171875 0.03046875 0.0171875 0.025
1 0.31484375 0.0078125 0.0125 0.015625
1 0.23515625 0.15 0.0328125 0.0625
4 0.284375 0.059375 0.0265625 0.05390625
3 0.4375 0.253125 0.05703125 0.08984375
3 0.3203125 0.409375 0.07421875 0.15703125
1 0.409375 0.15859375 0.0328125 0.0546875
1 0.28671875 0.0234375 0.01484375 0.02109375