1 0.49765625 0.6890625 0.0953125 0.25
1 0.47578125 0.35390625 0.059375 0.11484375
1 0.346875 0.22578125 0.0296875 0.065625
1 0.2828125 0.2484375 0.04296875 0.07109375
1 0.2921875 0.1484375 0.02734375 0.0515625
1 0.3390625 0.153125 0.02734375 0.05390625
1 0.41796875 0.17421875 0.034375 0.05078125
1 0.375 0.07734375 0.02109375 0.0328125
1 0.3171875 0.01796875 0.0171875 0.028125
1 0.240625 0.15703125 0.0328125 0.06171875
4 0.14375 0.621875 0.1375 0.26171875
1 0.328125 0.08125 0.02265625 0.0375
1 0.18984375 0.9140625 0.13203125 0.17109375