3 0.1875 0.8765625 0.19140625 0.24609375
1 0.8609375 0.6265625 0.12265625 0.21953125
1 0.49609375 0.56015625 0.06796875 0.16015625
1 0.29609375 0.6296875 0.08515625 0.18046875
1 0.14453125 0.64296875 0.11796875 0.1984375
1 0.34609375 0.43125 0.06015625 0.1203125
1 0.46640625 0.3296875 0.053125 0.0859375
1 0.34609375 0.3140625 0.04296875 0.08203125
1 0.2828125 0.24609375 0.0375 0.0734375
1 0.2390625 0.15703125 0.03125 0.05703125
1 0.43125 0.21484375 0.03828125 0.06328125
1 0.41171875 0.17265625 0.0296875 0.05
1 0.34375 0.18828125 0.034375 0.06171875
1 0.2875 0.12265625 0.02734375 0.0421875
1 0.290625 0.07578125 0.0203125 0.0328125
1 0.33515625 0.11640625 0.025 0.04375
1 0.36796875 0.06484375 0.0203125 0.034375
1 0.3296875 0.0828125 0.0203125 0.03671875
4 0.3421875 0.2328125 0.0359375 0.0765625
4 0.378125 0.11015625 0.02578125 0.04609375
4 0.35546875 0.03046875 0.02265625 0.04453125
4 0.32578125 0.04765625 0.01875 0.03359375
1 0.3234375 0.02578125 0.015625 0.02734375
1 0.31640625 0.00703125 0.01171875 0.01328125
1 0.33984375 0.00625 0.0140625 0.0125