3 0.371875 0.2359375 0.05234375 0.1265625
3 0.34453125 0.0046875 0.02109375 0.009375
4 0.24921875 0.4265625 0.078125 0.15390625
1 0.48046875 0.23203125 0.04296875 0.07734375
1 0.434375 0.121875 0.0328125 0.05703125
1 0.31484375 0.140625 0.0328125 0.06015625
1 0.2578125 0.1421875 0.0359375 0.0640625
1 0.3609375 0.1125 0.03203125 0.0578125
1 0.40625 0.06484375 0.02421875 0.040625
1 0.35390625 0.05625 0.02265625 0.0390625
1 0.38046875 0.0109375 0.02109375 0.02109375
1 0.31796875 0.0078125 0.01875 0.01484375