1 0.34375 0.47578125 0.0734375 0.14375
1 0.46875 0.19765625 0.0453125 0.07421875
1 0.3578125 0.1078125 0.0296875 0.05546875
1 0.24921875 0.1109375 0.03671875 0.06328125
1 0.34765625 0.015625 0.0234375 0.03046875
1 0.40078125 0.0390625 0.02421875 0.0390625
1 0.303125 0.0734375 0.028125 0.04921875
1 0.35703125 0.053125 0.028125 0.04453125
1 0.53984375 0.86953125 0.1171875 0.2609375
3 0.26875 0.70546875 0.153125 0.33984375
3 0.50859375 0.34765625 0.07421875 0.1546875
4 0.2953125 0.1828125 0.05234375 0.1125
1 0.4421875 0.1296875 0.0375 0.0546875
1 0.3703125 0.20078125 0.0421875 0.071875
1 0.41953125 0.0734375 0.0296875 0.04609375