1 0.075 0.8453125 0.15 0.29609375
1 0.29765625 0.6875 0.09375 0.22109375
1 0.44140625 0.2484375 0.0421875 0.07109375
4 0.18515625 0.525 0.09140625 0.17890625
4 0.33515625 0.359375 0.0546875 0.11796875
4 0.4890625 0.459375 0.07109375 0.17265625
4 0.3484375 0.25625 0.03984375 0.09375
3 0.471875 0.32265625 0.0765625 0.15390625
1 0.4875 0.62265625 0.07578125 0.19140625
1 0.8328125 0.696875 0.115625 0.215625
1 0.4125 0.18046875 0.03046875 0.05234375
1 0.346875 0.1890625 0.0375 0.05703125
1 0.34296875 0.15390625 0.03359375 0.0390625
1 0.3359375 0.12109375 0.02578125 0.03671875
1 0.28671875 0.25625 0.04140625 0.08125
1 0.2515625 0.3484375 0.05234375 0.09140625
1 0.24140625 0.15546875 0.03359375 0.06328125
1 0.39296875 0.1390625 0.03046875 0.05078125
1 0.378125 0.10703125 0.02734375 0.04453125
1 0.3515625 0.0625 0.01796875 0.03203125
1 0.35234375 0.0234375 0.0171875 0.02890625
1 0.340625 0.009375 0.01484375 0.01796875
4 0.29296875 0.1484375 0.02890625 0.05703125
0 0.31796875 0.0203125 0.0265625 0.040625