3 0.2 0.74296875 0.30625 0.5140625
1 0.51796875 0.81015625 0.1046875 0.31015625
4 0.77578125 0.96640625 0.128125 0.0671875
1 0.35078125 0.36796875 0.0546875 0.11015625
1 0.24609375 0.1578125 0.034375 0.0640625
1 0.4640625 0.27109375 0.04921875 0.078125
1 0.44375 0.2171875 0.0390625 0.06171875
1 0.4234375 0.17265625 0.03671875 0.0609375
1 0.3875 0.08359375 0.0234375 0.0375
1 0.37265625 0.05703125 0.02265625 0.04140625
1 0.340625 0.0671875 0.0203125 0.03671875
1 0.2984375 0.0265625 0.01796875 0.028125
1 0.35234375 0.0109375 0.0203125 0.021875
4 0.33359375 0.0328125 0.021875 0.03515625
1 0.50703125 0.4953125 0.0671875 0.146875
1 0.48984375 0.37265625 0.05703125 0.10390625
1 0.3015625 0.00546875 0.015625 0.0109375