1 0.05234375 0.87578125 0.1046875 0.2484375
1 0.48046875 0.7546875 0.0890625 0.26484375
1 0.3 0.5421875 0.0859375 0.178125
1 0.1953125 0.5265625 0.0921875 0.17578125
1 0.23515625 0.36953125 0.0640625 0.1203125
1 0.3375 0.33046875 0.053125 0.1109375
4 0.48359375 0.4859375 0.07421875 0.18984375
3 0.46796875 0.33125 0.0859375 0.17265625
1 0.43515625 0.2453125 0.04375 0.06484375
1 0.3359375 0.23671875 0.0390625 0.07109375
1 0.33203125 0.1640625 0.03125 0.06171875
1 0.22890625 0.14453125 0.03046875 0.05703125
1 0.2796875 0.08984375 0.02734375 0.0390625
1 0.41015625 0.18671875 0.028125 0.04921875
1 0.39375 0.15703125 0.0296875 0.0515625
1 0.378125 0.12421875 0.025 0.04296875
1 0.37265625 0.0859375 0.02578125 0.046875
1 0.35859375 0.0671875 0.01796875 0.03359375
1 0.3515625 0.03671875 0.02109375 0.03203125
1 0.30859375 0.00859375 0.01484375 0.0171875
0 0.31953125 0.0671875 0.04375 0.10859375
1 0.2828125 0.00234375 0.01875 0.00390625