1 0.50546875 0.73984375 0.090625 0.25546875
1 0.09765625 0.71484375 0.13671875 0.24140625
1 0.47734375 0.42265625 0.0609375 0.140625
1 0.3328125 0.3328125 0.046875 0.09375
1 0.19296875 0.95234375 0.1203125 0.0953125
1 0.40859375 0.17109375 0.034375 0.059375
1 0.321875 0.1140625 0.02734375 0.04375
1 0.36953125 0.075 0.025 0.03984375
1 0.35625 0.05234375 0.02109375 0.03828125
1 0.3140625 0.0546875 0.0203125 0.034375
1 0.2765625 0.0359375 0.021875 0.03203125
1 0.22421875 0.1390625 0.03515625 0.059375
1 0.30546875 0.003125 0.015625 0.00546875
1 0.309375 0.01484375 0.01875 0.0296875
1 0.38671875 0.115625 0.034375 0.04609375
3 0.44296875 0.26640625 0.06171875 0.10625
3 0.28515625 0.52265625 0.10546875 0.23359375
4 0.275 0.08203125 0.03671875 0.06640625