1 0.08515625 0.69921875 0.14140625 0.2671875
1 0.21328125 0.82265625 0.1203125 0.28671875
4 0.48203125 0.6578125 0.09296875 0.2625
4 0.27109375 0.50078125 0.1078125 0.3125
4 0.3046875 0.30703125 0.0671875 0.13984375
4 0.24609375 0.20390625 0.05 0.096875
2 0.27265625 0.1328125 0.0140625 0.05078125
4 0.4171875 0.23359375 0.0515625 0.10625
4 0.95625 0.43984375 0.08671875 0.1328125
1 0.45234375 0.3703125 0.0578125 0.125
1 0.31328125 0.18125 0.0390625 0.07109375
1 0.20390625 0.11953125 0.03359375 0.065625
1 0.25546875 0.0796875 0.02890625 0.04453125
1 0.3078125 0.0921875 0.03046875 0.05390625
3 0.39140625 0.1375 0.05859375 0.10859375
1 0.25859375 0.00625 0.01953125 0.01171875