4 0.1390625 0.68203125 0.12109375 0.2453125
1 0.2046875 0.48046875 0.08203125 0.14296875
1 0.47109375 0.36875 0.0484375 0.0984375
1 0.4328125 0.24375 0.04140625 0.0734375
1 0.3421875 0.17890625 0.03125 0.05546875
1 0.2390625 0.15546875 0.03125 0.0578125
1 0.3296875 0.11015625 0.02578125 0.04296875
1 0.39453125 0.15546875 0.03203125 0.0484375
1 0.38515625 0.11328125 0.025 0.0453125
1 0.371875 0.08828125 0.01953125 0.0515625
4 0.3625 0.05625 0.02421875 0.04140625
1 0.325 0.0671875 0.021875 0.03359375
4 0.2921875 0.07109375 0.02578125 0.059375
1 0.31953125 0.02890625 0.0140625 0.0203125
1 0.31796875 0.0125 0.0125 0.02109375
4 0.2921875 0.01484375 0.015625 0.02890625
3 0.28671875 0.1796875 0.04765625 0.09296875
0 0.315625 0.35859375 0.10234375 0.303125
1 0.51484375 0.8828125 0.1171875 0.234375