1 0.18984375 0.49921875 0.08203125 0.1328125
1 0.49296875 0.50390625 0.059375 0.13671875
1 0.44921875 0.29375 0.04921875 0.084375
1 0.34453125 0.23359375 0.03984375 0.07578125
1 0.40546875 0.18203125 0.03359375 0.053125
1 0.33203125 0.13515625 0.02734375 0.05078125
1 0.23984375 0.15703125 0.03359375 0.059375
1 0.32578125 0.08515625 0.0234375 0.03671875
1 0.390625 0.12734375 0.0296875 0.05234375
1 0.3765625 0.10078125 0.02578125 0.03359375
1 0.37109375 0.07734375 0.02109375 0.0296875
4 0.36328125 0.05859375 0.025 0.0453125
4 0.2921875 0.0328125 0.01796875 0.03203125
4 0.28984375 0.10703125 0.0328125 0.075
1 0.32265625 0.03828125 0.015625 0.02421875
1 0.31875 0.021875 0.01484375 0.02265625
1 0.315625 0.00546875 0.0140625 0.0109375
3 0.28125 0.23203125 0.0625 0.1171875
4 0.13359375 0.68984375 0.11171875 0.2453125
0 0.271875 0.56484375 0.18046875 0.5140625